episode,step,action,distribution,available_computation_units,remain_epochs,mec_comp_units_sum,mec_comp_units_nonzero,mec_proc_times_sum,mec_proc_times_nonzero,queue_comp_units,queue_proc_times,local_success,offload_success,ctx_vel_sum,ctx_vel_nonzero,ctx_comp_sum,ctx_comp_nonzero,reward,env_max_comp_units,env_agent_velocities
0,0,2,"[0.31038132309913635, 0.19251756370067596, 0.4971010386943817]",1.0,1.0,0.0,0,0.0,0,0.9347826086956522,0.2,0,0,0.20000000298023224,1,0.7666666507720947,1,-0.05,92,44
0,1,0,"[0.22020509839057922, 0.5192604660987854, 0.26053449511528015]",1.0,0.99,0.0,0,0.0,0,0.010869565217391304,0.9,0,0,0.20000000298023224,1,0.7666666507720947,1,0.0,92,44
0,2,1,"[0.21970145404338837, 0.5343466997146606, 0.24595187604427338]",0.9891304347826086,0.98,0.010869565217391304,1,0.8,1,0.09782608695652174,0.2,1,0,0.20000000298023224,1,0.7666666507720947,1,0.0,92,44
0,3,1,"[0.21954691410064697, 0.5349389910697937, 0.2455141246318817]",0.9891304347826086,0.97,0.010869565217391304,1,0.7,1,1.673913043478261,0.9,1,1,0.20000000298023224,1,0.7666666507720947,1,0.08,92,44
0,4,2,"[0.21967041492462158, 0.5349487662315369, 0.24538078904151917]",0.9891304347826086,0.96,0.010869565217391304,1,0.6,1,0.967391304347826,0.9,1,1,0.20000000298023224,1,0.7666666507720947,1,-0.05,92,44
0,5,2,"[0.21973562240600586, 0.5347509384155273, 0.2455134391784668]",0.9891304347826086,0.95,0.010869565217391304,1,0.5,1,0.5434782608695652,0.5,1,1,0.20000000298023224,1,0.7666666507720947,1,-0.05,92,44
0,6,1,"[0.2194392830133438, 0.5346137285232544, 0.2459469735622406]",0.9891304347826086,0.94,0.010869565217391304,1,0.4,1,1.6195652173913044,0.6,1,1,0.20000000298023224,1,0.7666666507720947,1,0.0,92,44
0,7,1,"[0.2195095270872116, 0.5346908569335938, 0.24579964578151703]",0.9891304347826086,0.93,0.010869565217391304,1,0.3,1,1.184782608695652,0.8,1,1,0.20000000298023224,1,0.7666666507720947,1,-0.1,92,44
0,8,1,"[0.21940399706363678, 0.5342962145805359, 0.24629968404769897]",0.9891304347826086,0.92,0.010869565217391304,1,0.2,1,1.3478260869565217,0.6,1,0,0.20000000298023224,1,0.7666666507720947,1,-0.1,92,44
0,9,1,"[0.21932853758335114, 0.5341596603393555, 0.2465118169784546]",0.9891304347826086,0.91,0.010869565217391304,1,0.1,1,1.5108695652173914,0.5,1,0,0.20000000298023224,1,0.7666666507720947,1,-0.09,92,44
0,10,0,"[0.2195376604795456, 0.5342536568641663, 0.24620872735977173]",1.0,0.9,0.0,0,0.0,0,0.6195652173913043,0.6,1,0,0.20000000298023224,1,0.7666666507720947,1,0.0,92,44
0,11,1,"[0.21744579076766968, 0.5303537845611572, 0.2522004544734955]",0.3804347826086957,0.89,0.6195652173913043,1,0.5,1,2.010869565217391,0.4,1,0,0.20000000298023224,1,0.7666666507720947,1,2.855,92,44
0,12,0,"[0.21790717542171478, 0.5309725999832153, 0.2511201798915863]",0.3804347826086957,0.88,0.6195652173913043,1,0.4,1,0.29347826086956524,0.9,1,0,0.20000000298023224,1,0.7666666507720947,1,0.0,92,44
0,13,0,"[0.2167772501707077, 0.5290561318397522, 0.2541666030883789]",0.08695652173913043,0.87,0.9130434782608696,2,1.1,2,0.08695652173913043,0.7,1,0,0.20000000298023224,1,0.7666666507720947,1,0.0,92,44
0,14,1,"[0.21484510600566864, 0.5275795459747314, 0.25757527351379395]",0.0,0.86,1.0,3,1.5,3,2.108695652173913,0.6,1,0,0.20000000298023224,1,0.7666666507720947,1,-0.1,92,44
0,15,1,"[0.21566307544708252, 0.5279802083969116, 0.2563566565513611]",0.0,0.85,1.0,3,1.2,3,0.8586956521739131,0.5,1,0,0.20000000298023224,1,0.7666666507720947,1,0.47000000000000003,92,44
0,16,1,"[0.2184814214706421, 0.5320531725883484, 0.24946542084217072]",0.6195652173913043,0.84,0.3804347826086957,2,0.9,2,0.03260869565217391,0.1,1,0,0.20000000298023224,1,0.7666666507720947,1,0.025,92,44
0,17,1,"[0.218574658036232, 0.5327444672584534, 0.2486809343099594]",0.6195652173913043,0.83,0.3804347826086957,2,0.7,2,0.10869565217391304,1.0,1,1,0.20000000298023224,1,0.7666666507720947,1,-0.1,92,44
0,18,1,"[0.21819962561130524, 0.5322864651679993, 0.2495138794183731]",0.6195652173913043,0.82,0.3804347826086957,2,0.5,2,1.5543478260869565,1.0,1,0,0.20000000298023224,1,0.7666666507720947,1,-0.1,92,44
0,19,1,"[0.21812036633491516, 0.5318470597267151, 0.25003260374069214]",0.6195652173913043,0.81,0.3804347826086957,2,0.30000000000000004,2,1.934782608695652,0.3,1,0,0.20000000298023224,1,0.7666666507720947,1,0.08,92,44
0,20,0,"[0.2182610034942627, 0.5326311588287354, 0.24910792708396912]",0.7065217391304348,0.8,0.29347826086956524,1,0.1,1,2.1630434782608696,1.0,1,1,0.20000000298023224,1,0.7666666507720947,1,0.17,92,44
0,21,1,"[0.21879947185516357, 0.5337594151496887, 0.24744106829166412]",1.0,0.79,0.0,0,0.0,0,2.1630434782608696,0.2,0,1,0.20000000298023224,1,0.7666666507720947,1,1.665,92,44
0,22,2,"[0.21951134502887726, 0.5340941548347473, 0.24639447033405304]",1.0,0.78,0.0,0,0.0,0,0.7608695652173914,0.3,0,0,0.20000000298023224,1,0.7666666507720947,1,-0.05,92,44
0,23,2,"[0.2194332331418991, 0.5340989828109741, 0.24646778404712677]",1.0,0.77,0.0,0,0.0,0,1.141304347826087,0.5,0,0,0.20000000298023224,1,0.7666666507720947,1,-0.05,92,44
0,24,2,"[0.21915346384048462, 0.5337759852409363, 0.2470705211162567]",1.0,0.76,0.0,0,0.0,0,1.8043478260869565,0.2,0,0,0.20000000298023224,1,0.7666666507720947,1,-0.05,92,44
0,25,2,"[0.21925915777683258, 0.5338181853294373, 0.24692268669605255]",1.0,0.75,0.0,0,0.0,0,1.5434782608695652,0.2,0,0,0.20000000298023224,1,0.7666666507720947,1,-0.05,92,44
0,26,2,"[0.21964393556118011, 0.534370481967926, 0.24598555266857147]",1.0,0.74,0.0,0,0.0,0,0.5108695652173914,0.8,0,0,0.20000000298023224,1,0.7666666507720947,1,-0.05,92,44
0,27,1,"[0.21909232437610626, 0.5336496233940125, 0.2472580373287201]",1.0,0.73,0.0,0,0.0,0,1.9782608695652173,0.1,0,0,0.20000000298023224,1,0.7666666507720947,1,-0.1,92,44
0,28,1,"[0.21924427151679993, 0.534149169921875, 0.24660655856132507]",1.0,0.72,0.0,0,0.0,0,1.6304347826086956,1.0,0,0,0.20000000298023224,1,0.7666666507720947,1,0.0,92,44
0,29,1,"[0.2188902497291565, 0.5337709188461304, 0.24733884632587433]",1.0,0.71,0.0,0,0.0,0,1.9565217391304348,0.3,0,1,0.20000000298023224,1,0.7666666507720947,1,-0.1,92,44
0,30,1,"[0.2196589857339859, 0.534035861492157, 0.2463051825761795]",1.0,0.7,0.0,0,0.0,0,0.2608695652173913,0.1,0,0,0.20000000298023224,1,0.7666666507720947,1,0.23500000000000001,92,44
0,31,1,"[0.21894991397857666, 0.5341207385063171, 0.2469293475151062]",1.0,0.69,0.0,0,0.0,0,2.010869565217391,1.0,0,1,0.20000000298023224,1,0.7666666507720947,1,0.0,92,44
0,32,0,"[0.21955832839012146, 0.5342445373535156, 0.24619720876216888]",1.0,0.68,0.0,0,0.0,0,0.16304347826086957,0.5,0,1,0.20000000298023224,1,0.7666666507720947,1,0.0,92,44
0,33,1,"[0.2191406637430191, 0.5335968732833862, 0.24726244807243347]",0.8369565217391305,0.67,0.16304347826086957,1,0.4,1,1.315217391304348,0.8,1,1,0.20000000298023224,1,0.7666666507720947,1,-0.1,92,44
0,34,1,"[0.2189428061246872, 0.5328635573387146, 0.24819372594356537]",0.8369565217391305,0.66,0.16304347826086957,1,0.3,1,1.815217391304348,0.1,1,0,0.20000000298023224,1,0.7666666507720947,1,-0.1,92,44
0,35,0,"[0.21909961104393005, 0.5330418944358826, 0.24785855412483215]",0.8369565217391305,0.65,0.16304347826086957,1,0.2,1,1.1195652173913044,0.3,1,0,0.20000000298023224,1,0.7666666507720947,1,-0.1,92,44
0,36,2,"[0.2192261517047882, 0.5335573554039001, 0.24721641838550568]",0.8369565217391305,0.64,0.16304347826086957,1,0.1,1,0.782608695652174,1.0,0,0,0.20000000298023224,1,0.7666666507720947,1,0.1,92,44
0,37,2,"[0.2194448560476303, 0.5339215397834778, 0.2466336488723755]",1.0,0.63,0.0,0,0.0,0,1.108695652173913,0.5,0,0,0.20000000298023224,1,0.7666666507720947,1,1.4000000000000001,92,44
0,38,0,"[0.21942371129989624, 0.5338925123214722, 0.24668382108211517]",1.0,0.62,0.0,0,0.0,0,1.184782608695652,0.5,0,0,0.20000000298023224,1,0.7666666507720947,1,-0.1,92,44
0,39,0,"[0.2197025865316391, 0.5343523025512695, 0.24594517052173615]",1.0,0.61,0.0,0,0.0,0,0.44565217391304346,1.0,0,0,0.20000000298023224,1,0.7666666507720947,1,0.0,92,44
0,40,0,"[0.21884925663471222, 0.5323109030723572, 0.24883978068828583]",0.5543478260869565,0.6,0.44565217391304346,1,0.9,1,0.043478260869565216,0.9,1,0,0.20000000298023224,1,0.7666666507720947,1,1.8,92,44
0,41,0,"[0.21774642169475555, 0.5308569669723511, 0.2513965368270874]",0.5108695652173914,0.59,0.48913043478260865,2,1.6,2,1.5108695652173914,0.4,1,0,0.20000000298023224,1,0.7666666507720947,1,-0.1,92,44
0,42,1,"[0.2178700715303421, 0.5308676958084106, 0.25126227736473083]",0.5108695652173914,0.58,0.48913043478260865,2,1.4,2,1.5,0.1,0,0,0.20000000298023224,1,0.7666666507720947,1,-0.1,92,44
0,43,1,"[0.21815817058086395, 0.5310741066932678, 0.25076767802238464]",0.5108695652173914,0.57,0.48913043478260865,2,1.2,2,0.6847826086956522,0.1,0,0,0.20000000298023224,1,0.7666666507720947,1,0.625,92,44
0,44,2,"[0.2174064666032791, 0.531045138835907, 0.2515483796596527]",0.5108695652173914,0.56,0.48913043478260865,2,1.0,2,1.9891304347826086,0.7,0,1,0.20000000298023224,1,0.7666666507720947,1,-0.05,92,44
0,45,1,"[0.21773014962673187, 0.5308466553688049, 0.251423180103302]",0.5108695652173914,0.55,0.48913043478260865,2,0.8,2,1.141304347826087,0.1,0,1,0.20000000298023224,1,0.7666666507720947,1,-0.1,92,44
0,46,0,"[0.2182074934244156, 0.5314305424690247, 0.25036194920539856]",0.5108695652173914,0.54,0.48913043478260865,2,0.6,2,0.532608695652174,0.7,0,0,0.20000000298023224,1,0.7666666507720947,1,-0.1,92,44
0,47,1,"[0.21844042837619781, 0.531704843044281, 0.24985478818416595]",0.5108695652173914,0.53,0.48913043478260865,2,0.4,2,0.03260869565217391,1.0,0,0,0.20000000298023224,1,0.7666666507720947,1,0.0,92,44
0,48,0,"[0.21767958998680115, 0.5307238698005676, 0.2515965700149536]",0.5108695652173914,0.52,0.48913043478260865,2,0.2,2,1.5326086956521738,0.1,0,1,0.20000000298023224,1,0.7666666507720947,1,0.35000000000000003,92,44
0,49,1,"[0.21892373263835907, 0.5333691835403442, 0.2477070540189743]",1.0,0.51,0.0,0,0.0,0,1.7608695652173914,0.1,0,1,0.20000000298023224,1,0.7666666507720947,1,-0.1,92,44
0,50,2,"[0.21960259974002838, 0.5337600708007812, 0.24663731455802917]",1.0,0.5,0.0,0,0.0,0,0.5217391304347826,0.2,0,0,0.20000000298023224,1,0.7666666507720947,1,-0.05,92,44
0,51,1,"[0.21916525065898895, 0.5336306691169739, 0.24720408022403717]",1.0,0.49,0.0,0,0.0,0,1.8478260869565217,0.7,0,0,0.20000000298023224,1,0.7666666507720947,1,-0.1,92,44
0,52,1,"[0.21955347061157227, 0.5338748097419739, 0.24657174944877625]",1.0,0.48,0.0,0,0.0,0,0.8586956521739131,0.6,0,0,0.20000000298023224,1,0.7666666507720947,1,-0.1,92,44
0,53,1,"[0.2193787693977356, 0.5334980487823486, 0.24712322652339935]",1.0,0.47,0.0,0,0.0,0,1.315217391304348,0.2,0,0,0.20000000298023224,1,0.7666666507720947,1,-0.1,92,44
0,54,1,"[0.21970373392105103, 0.5338138341903687, 0.24648241698741913]",1.0,0.46,0.0,0,0.0,0,0.30434782608695654,0.2,0,0,0.20000000298023224,1,0.7666666507720947,1,0.0,92,44
0,55,1,"[0.21912910044193268, 0.5339089632034302, 0.24696192145347595]",1.0,0.45,0.0,0,0.0,0,1.6521739130434783,1.0,0,1,0.20000000298023224,1,0.7666666507720947,1,0.17,92,44
0,56,2,"[0.21973633766174316, 0.5338966846466064, 0.24636702239513397]",1.0,0.44,0.0,0,0.0,0,0.1956521739130435,0.3,0,0,0.20000000298023224,1,0.7666666507720947,1,-0.07,92,44
0,57,0,"[0.21916063129901886, 0.533647358417511, 0.24719196557998657]",1.0,0.43,0.0,0,0.0,0,1.9021739130434783,0.9,0,0,0.20000000298023224,1,0.7666666507720947,1,-0.1,92,44
0,58,0,"[0.21909242868423462, 0.5334126949310303, 0.2474949061870575]",1.0,0.42,0.0,0,0.0,0,1.9891304347826086,0.5,0,0,0.20000000298023224,1,0.7666666507720947,1,-0.1,92,44
0,59,0,"[0.21936233341693878, 0.533450722694397, 0.24718697369098663]",1.0,0.41,0.0,0,0.0,0,1.315217391304348,0.3,0,0,0.20000000298023224,1,0.7666666507720947,1,-0.1,92,44
0,60,2,"[0.21926794946193695, 0.5332711935043335, 0.24746085703372955]",1.0,0.4,0.0,0,0.0,0,1.5978260869565217,0.1,0,0,0.20000000298023224,1,0.7666666507720947,1,-0.05,92,44
0,61,1,"[0.21921013295650482, 0.5333707928657532, 0.2474190890789032]",1.0,0.39,0.0,0,0.0,0,1.7391304347826086,0.4,0,0,0.20000000298023224,1,0.7666666507720947,1,-0.1,92,44
0,62,1,"[0.21958430111408234, 0.5336694121360779, 0.24674616754055023]",1.0,0.38,0.0,0,0.0,0,0.717391304347826,0.4,0,0,0.20000000298023224,1,0.7666666507720947,1,-0.1,92,44
0,63,1,"[0.21967154741287231, 0.5339189767837524, 0.24640946090221405]",1.0,0.37,0.0,0,0.0,0,0.6739130434782609,0.8,0,0,0.20000000298023224,1,0.7666666507720947,1,-0.1,92,44
0,64,2,"[0.2191312611103058, 0.5332937240600586, 0.247575044631958]",1.0,0.36,0.0,0,0.0,0,1.9673913043478262,0.4,0,0,0.20000000298023224,1,0.7666666507720947,1,-0.05,92,44
0,65,1,"[0.21913465857505798, 0.5333297848701477, 0.24753551185131073]",1.0,0.35,0.0,0,0.0,0,1.9021739130434783,0.5,0,0,0.20000000298023224,1,0.7666666507720947,1,-0.1,92,44
0,66,1,"[0.2196466326713562, 0.5339622497558594, 0.24639105796813965]",1.0,0.34,0.0,0,0.0,0,0.75,1.0,0,0,0.20000000298023224,1,0.7666666507720947,1,-0.1,92,44
0,67,1,"[0.21969327330589294, 0.5336505174636841, 0.24665631353855133]",1.0,0.33,0.0,0,0.0,0,0.3695652173913043,0.2,0,0,0.20000000298023224,1,0.7666666507720947,1,-0.1,92,44
0,68,1,"[0.21907231211662292, 0.5332933068275452, 0.24763444066047668]",1.0,0.32,0.0,0,0.0,0,2.0869565217391304,0.6,0,0,0.20000000298023224,1,0.7666666507720947,1,-0.1,92,44
0,69,2,"[0.21937143802642822, 0.5333150625228882, 0.24731352925300598]",1.0,0.31,0.0,0,0.0,0,1.2934782608695652,0.3,0,0,0.20000000298023224,1,0.7666666507720947,1,-0.05,92,44
0,70,0,"[0.21954604983329773, 0.5337631106376648, 0.24669085443019867]",1.0,0.3,0.0,0,0.0,0,1.0434782608695652,0.9,0,0,0.20000000298023224,1,0.7666666507720947,1,-0.1,92,44
0,71,2,"[0.21923725306987762, 0.5334043502807617, 0.24735835194587708]",1.0,0.29,0.0,0,0.0,0,1.7391304347826086,0.7,0,0,0.20000000298023224,1,0.7666666507720947,1,-0.05,92,44
0,72,2,"[0.21929219365119934, 0.5331180095672607, 0.24758976697921753]",1.0,0.28,0.0,0,0.0,0,1.5326086956521738,0.1,0,0,0.20000000298023224,1,0.7666666507720947,1,-0.05,92,44
0,73,0,"[0.2197457104921341, 0.5337105393409729, 0.2465437352657318]",1.0,0.27,0.0,0,0.0,0,0.14130434782608695,0.3,0,0,0.20000000298023224,1,0.7666666507720947,1,0.0,92,44
0,74,2,"[0.21949221193790436, 0.5331031084060669, 0.24740470945835114]",0.8586956521739131,0.26,0.14130434782608695,1,0.2,1,0.34782608695652173,0.6,1,0,0.20000000298023224,1,0.7666666507720947,1,-0.05,92,44
0,75,2,"[0.2190033495426178, 0.532372236251831, 0.24862436950206757]",0.8586956521739131,0.25,0.14130434782608695,1,0.1,1,1.684782608695652,0.3,1,0,0.20000000298023224,1,0.7666666507720947,1,0.08,92,44
0,76,1,"[0.21918274462223053, 0.5332616567611694, 0.24755559861660004]",1.0,0.24,0.0,0,0.0,0,2.032608695652174,0.7,1,0,0.20000000298023224,1,0.7666666507720947,1,-0.1,92,44
0,77,0,"[0.21979747712612152, 0.5336498022079468, 0.2465527355670929]",1.0,0.23,0.0,0,0.0,0,0.22826086956521738,0.4,1,0,0.20000000298023224,1,0.7666666507720947,1,0.0,92,44
0,78,0,"[0.21903018653392792, 0.5319996476173401, 0.2489701211452484]",0.7717391304347826,0.22,0.22826086956521738,1,0.3,1,1.0869565217391304,0.2,1,0,0.20000000298023224,1,0.7666666507720947,1,-0.1,92,44
0,79,0,"[0.2192956656217575, 0.5325817465782166, 0.24812254309654236]",0.7717391304347826,0.21,0.22826086956521738,1,0.2,1,0.09782608695652174,0.3,0,0,0.20000000298023224,1,0.7666666507720947,1,0.0,92,44
0,80,1,"[0.21862927079200745, 0.5314902663230896, 0.24988041818141937]",0.6739130434782609,0.2,0.32608695652173914,2,0.30000000000000004,2,0.9021739130434783,0.4,1,0,0.20000000298023224,1,0.7666666507720947,1,0.11,92,44
0,81,1,"[0.21934953331947327, 0.5327814221382141, 0.247869074344635]",0.9021739130434783,0.19,0.09782608695652174,1,0.1,1,0.9456521739130435,0.4,1,0,0.20000000298023224,1,0.7666666507720947,1,-0.01,92,44
0,82,1,"[0.21919472515583038, 0.5331902503967285, 0.24761494994163513]",1.0,0.18,0.0,0,0.0,0,2.0434782608695654,0.7,1,0,0.20000000298023224,1,0.7666666507720947,1,-0.1,92,44
0,83,1,"[0.21944090723991394, 0.5330713987350464, 0.24748773872852325]",1.0,0.17,0.0,0,0.0,0,1.3695652173913044,0.2,1,0,0.20000000298023224,1,0.7666666507720947,1,-0.1,92,44
0,84,1,"[0.21975481510162354, 0.5337368249893188, 0.24650827050209045]",1.0,0.16,0.0,0,0.0,0,0.6086956521739131,1.0,1,0,0.20000000298023224,1,0.7666666507720947,1,-0.1,92,44
0,85,0,"[0.21990004181861877, 0.5339217782020569, 0.24617816507816315]",1.0,0.15,0.0,0,0.0,0,0.1956521739130435,1.0,1,0,0.20000000298023224,1,0.7666666507720947,1,0.0,92,44
0,86,0,"[0.21953672170639038, 0.5328325033187866, 0.2476307600736618]",0.8043478260869565,0.14,0.1956521739130435,1,0.9,1,0.6521739130434783,0.4,1,0,0.20000000298023224,1,0.7666666507720947,1,0.0,92,44
0,87,2,"[0.2181577980518341, 0.5302468538284302, 0.25159525871276855]",0.15217391304347827,0.13,0.8478260869565217,2,1.1,2,0.43478260869565216,0.6,1,0,0.20000000298023224,1,0.7666666507720947,1,-0.05,92,44
0,88,1,"[0.217754527926445, 0.5295397639274597, 0.2527056932449341]",0.15217391304347827,0.12,0.8478260869565217,2,0.8999999999999999,2,1.434782608695652,0.3,1,0,0.20000000298023224,1,0.7666666507720947,1,-0.1,92,44
0,89,1,"[0.21744506061077118, 0.5294331908226013, 0.2531217932701111]",0.15217391304347827,0.11,0.8478260869565217,2,0.7,2,1.8695652173913044,0.9,1,0,0.20000000298023224,1,0.7666666507720947,1,0.5,92,44
0,90,0,"[0.21922878921031952, 0.5326036214828491, 0.24816752970218658]",0.8043478260869565,0.1,0.1956521739130435,1,0.5,1,0.8913043478260869,0.9,1,0,0.20000000298023224,1,0.7666666507720947,1,-0.1,92,44
0,91,2,"[0.21911843121051788, 0.5323646664619446, 0.2485169768333435]",0.8043478260869565,0.09,0.1956521739130435,1,0.4,1,1.2608695652173914,0.4,0,0,0.20000000298023224,1,0.7666666507720947,1,-0.05,92,44
0,92,2,"[0.21933646500110626, 0.532579243183136, 0.24808429181575775]",0.8043478260869565,0.08,0.1956521739130435,1,0.3,1,0.2608695652173913,0.2,0,0,0.20000000298023224,1,0.7666666507720947,1,-0.05,92,44
0,93,0,"[0.2194162756204605, 0.5329101085662842, 0.24767369031906128]",0.8043478260869565,0.07,0.1956521739130435,1,0.2,1,0.11956521739130435,0.9,0,0,0.20000000298023224,1,0.7666666507720947,1,0.0,92,44
0,94,1,"[0.21778815984725952, 0.5311312079429626, 0.25108060240745544]",0.6847826086956522,0.06,0.31521739130434784,2,0.9,2,1.7934782608695652,0.9,1,0,0.20000000298023224,1,0.7666666507720947,1,0.08,92,44
0,95,2,"[0.21954430639743805, 0.5327432155609131, 0.24771246314048767]",0.8804347826086957,0.05,0.11956521739130435,1,0.7,1,0.6739130434782609,0.1,1,0,0.20000000298023224,1,0.7666666507720947,1,-0.05,92,44
0,96,1,"[0.21969644725322723, 0.5333386659622192, 0.24696484208106995]",0.8804347826086957,0.04,0.11956521739130435,1,0.6,1,0.5543478260869565,0.9,1,0,0.20000000298023224,1,0.7666666507720947,1,-0.1,92,44
0,97,1,"[0.2192794382572174, 0.5323975682258606, 0.248322993516922]",0.8804347826086957,0.03,0.11956521739130435,1,0.5,1,1.5869565217391304,0.2,1,0,0.20000000298023224,1,0.7666666507720947,1,-0.1,92,44
0,98,0,"[0.21952861547470093, 0.5329213738441467, 0.24754995107650757]",0.8804347826086957,0.02,0.11956521739130435,1,0.4,1,0.782608695652174,0.7,1,0,0.20000000298023224,1,0.7666666507720947,1,0.0,92,44
0,99,2,"[0.21727924048900604, 0.5292633175849915, 0.25345736742019653]",0.09782608695652174,0.01,0.9021739130434783,2,0.8999999999999999,2,1.315217391304348,0.9,1,0,0.20000000298023224,1,0.7666666507720947,1,-0.05,92,44
1,0,0,"[0.3105711340904236, 0.19222818315029144, 0.4972006380558014]",1.0,1.0,0.0,0,0.0,0,0.5869565217391305,0.4,0,0,0.20000000298023224,1,0.7666666507720947,1,0.0,92,44
1,1,1,"[0.21699297428131104, 0.5156506896018982, 0.26735633611679077]",0.41304347826086957,0.99,0.5869565217391305,1,0.3,1,2.152173913043478,0.5,1,0,0.20000000298023224,1,0.7666666507720947,1,-0.1,92,44
1,2,1,"[0.2169443815946579, 0.5301634669303894, 0.2528921365737915]",0.41304347826086957,0.98,0.5869565217391305,1,0.2,1,2.141304347826087,0.6,1,0,0.20000000298023224,1,0.7666666507720947,1,-0.1,92,44
1,3,1,"[0.21730490028858185, 0.5304210782051086, 0.2522740662097931]",0.41304347826086957,0.97,0.5869565217391305,1,0.1,1,1.7826086956521738,0.4,1,0,0.20000000298023224,1,0.7666666507720947,1,0.44,92,44
1,4,1,"[0.21936342120170593, 0.5342294573783875, 0.24640706181526184]",1.0,0.96,0.0,0,0.0,0,0.8152173913043478,0.7,1,0,0.20000000298023224,1,0.7666666507720947,1,-0.1,92,44
1,5,2,"[0.21916280686855316, 0.5342930555343628, 0.24654418230056763]",1.0,0.95,0.0,0,0.0,0,1.891304347826087,1.0,1,0,0.20000000298023224,1,0.7666666507720947,1,-0.05,92,44
1,6,0,"[0.21946510672569275, 0.5342070460319519, 0.24632792174816132]",1.0,0.94,0.0,0,0.0,0,0.8478260869565217,0.4,1,0,0.20000000298023224,1,0.7666666507720947,1,0.0,92,44
1,7,1,"[0.21641865372657776, 0.5287501215934753, 0.2548311948776245]",0.15217391304347827,0.93,0.8478260869565217,1,0.3,1,2.0760869565217392,0.9,1,0,0.20000000298023224,1,0.7666666507720947,1,-0.1,92,44
1,8,1,"[0.21677544713020325, 0.5285930037498474, 0.2546314597129822]",0.15217391304347827,0.92,0.8478260869565217,1,0.2,1,0.9130434782608695,0.2,1,0,0.20000000298023224,1,0.7666666507720947,1,0.0,92,44
1,9,2,"[0.21676163375377655, 0.5287413597106934, 0.2544970214366913]",0.15217391304347827,0.91,0.8478260869565217,1,0.1,1,0.8478260869565217,0.2,1,1,0.20000000298023224,1,0.7666666507720947,1,1.56,92,44
1,10,1,"[0.2191946804523468, 0.5339618921279907, 0.24684332311153412]",1.0,0.9,0.0,0,0.0,0,1.2608695652173914,0.1,1,1,0.20000000298023224,1,0.7666666507720947,1,1.155,92,44
1,11,1,"[0.21957924962043762, 0.5342404246330261, 0.24618037045001984]",1.0,0.89,0.0,0,0.0,0,0.532608695652174,0.1,1,1,0.20000000298023224,1,0.7666666507720947,1,0.485,92,44
1,12,1,"[0.21962620317935944, 0.5346342325210571, 0.24573957920074463]",1.0,0.88,0.0,0,0.0,0,0.31521739130434784,0.9,1,1,0.20000000298023224,1,0.7666666507720947,1,-0.1,92,44
1,13,0,"[0.2193705439567566, 0.5342012643814087, 0.24642817676067352]",1.0,0.87,0.0,0,0.0,0,1.3695652173913044,0.7,1,0,0.20000000298023224,1,0.7666666507720947,1,-0.1,92,44
1,14,1,"[0.21907804906368256, 0.5340016484260559, 0.2469203919172287]",1.0,0.86,0.0,0,0.0,0,1.9565217391304348,0.5,0,0,0.20000000298023224,1,0.7666666507720947,1,0.0,92,44
1,15,1,"[0.21894913911819458, 0.5340468287467957, 0.24700409173965454]",1.0,0.85,0.0,0,0.0,0,1.7608695652173914,0.4,0,1,0.20000000298023224,1,0.7666666507720947,1,0.0,92,44
1,16,1,"[0.21916158497333527, 0.53437340259552, 0.24646498262882233]",1.0,0.84,0.0,0,0.0,0,1.2717391304347827,0.8,0,1,0.20000000298023224,1,0.7666666507720947,1,0.0,92,44
1,17,1,"[0.21922801434993744, 0.5344055891036987, 0.24636639654636383]",1.0,0.83,0.0,0,0.0,0,1.1304347826086956,0.8,0,1,0.20000000298023224,1,0.7666666507720947,1,0.0,92,44
1,18,1,"[0.21893717348575592, 0.5338391065597534, 0.24722369015216827]",1.0,0.82,0.0,0,0.0,0,1.8043478260869565,0.1,0,1,0.20000000298023224,1,0.7666666507720947,1,5.03,92,44
1,19,0,"[0.219120591878891, 0.5340052247047424, 0.24687424302101135]",1.0,0.81,0.0,0,0.0,0,1.2717391304347827,0.2,0,1,0.20000000298023224,1,0.7666666507720947,1,-0.1,92,44
1,20,0,"[0.21923387050628662, 0.5340696573257446, 0.24669653177261353]",1.0,0.8,0.0,0,0.0,0,0.9891304347826086,0.2,0,1,0.20000000298023224,1,0.7666666507720947,1,0.0,92,44
1,21,1,"[0.21644924581050873, 0.5277754664421082, 0.2557753324508667]",0.010869565217391304,0.79,0.9891304347826086,1,0.1,1,0.8804347826086957,0.3,1,1,0.20000000298023224,1,0.7666666507720947,1,0.81,92,44
1,22,1,"[0.21920205652713776, 0.5338677167892456, 0.24693022668361664]",1.0,0.78,0.0,0,0.0,0,1.4782608695652173,0.6,1,0,0.20000000298023224,1,0.7666666507720947,1,-0.1,92,44
1,23,2,"[0.21943314373493195, 0.5342038869857788, 0.24636302888393402]",1.0,0.77,0.0,0,0.0,0,1.141304347826087,1.0,1,0,0.20000000298023224,1,0.7666666507720947,1,1.08,92,44
1,24,2,"[0.21965782344341278, 0.5340508818626404, 0.24629129469394684]",1.0,0.76,0.0,0,0.0,0,0.29347826086956524,0.3,1,0,0.20000000298023224,1,0.7666666507720947,1,0.9500000000000001,92,44
1,25,2,"[0.2197757512331009, 0.5344557762145996, 0.2457685023546219]",1.0,0.75,0.0,0,0.0,0,0.010869565217391304,1.0,1,0,0.20000000298023224,1,0.7666666507720947,1,-0.05,92,44
1,26,1,"[0.2196086198091507, 0.5340301990509033, 0.24636121094226837]",1.0,0.74,0.0,0,0.0,0,0.6413043478260869,0.4,1,0,0.20000000298023224,1,0.7666666507720947,1,-0.1,92,44
1,27,0,"[0.21947313845157623, 0.5340328216552734, 0.2464941143989563]",1.0,0.73,0.0,0,0.0,0,1.141304347826087,0.6,1,0,0.20000000298023224,1,0.7666666507720947,1,-0.1,92,44
1,28,0,"[0.21970130503177643, 0.534430205821991, 0.24586856365203857]",1.0,0.72,0.0,0,0.0,0,0.40217391304347827,0.9,0,0,0.20000000298023224,1,0.7666666507720947,1,0.0,92,44
1,29,2,"[0.2188052088022232, 0.5323634147644043, 0.24883142113685608]",0.5978260869565217,0.71,0.40217391304347827,1,0.8,1,0.6630434782608695,0.7,1,0,0.20000000298023224,1,0.7666666507720947,1,-0.05,92,44
1,30,1,"[0.21827644109725952, 0.5319526791572571, 0.24977082014083862]",0.5978260869565217,0.7,0.40217391304347827,1,0.7,1,1.9130434782608696,0.9,1,0,0.20000000298023224,1,0.7666666507720947,1,-0.1,92,44
1,31,1,"[0.21857698261737823, 0.5320073962211609, 0.24941562116146088]",0.5978260869565217,0.69,0.40217391304347827,1,0.6,1,0.967391304347826,0.6,1,0,0.20000000298023224,1,0.7666666507720947,1,-0.1,92,44
1,32,2,"[0.21871109306812286, 0.5317769646644592, 0.24951200187206268]",0.5978260869565217,0.68,0.40217391304347827,1,0.5,1,0.29347826086956524,0.1,1,0,0.20000000298023224,1,0.7666666507720947,1,-0.05,92,44
1,33,1,"[0.21867679059505463, 0.532084584236145, 0.24923855066299438]",0.5978260869565217,0.67,0.40217391304347827,1,0.4,1,0.29347826086956524,0.7,1,0,0.20000000298023224,1,0.7666666507720947,1,-0.1,92,44
1,34,1,"[0.21853116154670715, 0.5316969752311707, 0.24977192282676697]",0.5978260869565217,0.66,0.40217391304347827,1,0.3,1,0.6739130434782609,0.4,1,0,0.20000000298023224,1,0.7666666507720947,1,-0.1,92,44
1,35,0,"[0.2179766595363617, 0.5314496159553528, 0.2505737841129303]",0.5978260869565217,0.65,0.40217391304347827,1,0.2,1,2.0869565217391304,0.9,1,0,0.20000000298023224,1,0.7666666507720947,1,-0.1,92,44
1,36,1,"[0.21806390583515167, 0.5312751531600952, 0.2506609857082367]",0.5978260869565217,0.64,0.40217391304347827,1,0.1,1,1.9130434782608696,0.2,0,0,0.20000000298023224,1,0.7666666507720947,1,0.27,92,44
1,37,2,"[0.21936695277690887, 0.5336412191390991, 0.246991828083992]",1.0,0.63,0.0,0,0.0,0,1.0978260869565217,0.1,0,0,0.20000000298023224,1,0.7666666507720947,1,-0.05,92,44
1,38,2,"[0.2190590649843216, 0.5337529182434082, 0.24718798696994781]",1.0,0.62,0.0,0,0.0,0,2.032608695652174,0.7,0,0,0.20000000298023224,1,0.7666666507720947,1,-0.05,92,44
1,39,1,"[0.21933870017528534, 0.5336301326751709, 0.24703116714954376]",1.0,0.61,0.0,0,0.0,0,1.3369565217391304,0.1,0,0,0.20000000298023224,1,0.7666666507720947,1,-0.1,92,44
1,40,1,"[0.21957875788211823, 0.534050464630127, 0.24637079238891602]",1.0,0.6,0.0,0,0.0,0,0.7717391304347826,0.6,0,0,0.20000000298023224,1,0.7666666507720947,1,-0.1,92,44
1,41,2,"[0.21956412494182587, 0.5340725183486938, 0.2463633418083191]",1.0,0.59,0.0,0,0.0,0,0.8913043478260869,0.7,0,0,0.20000000298023224,1,0.7666666507720947,1,-0.05,92,44
1,42,1,"[0.21943141520023346, 0.53399658203125, 0.24657203257083893]",1.0,0.58,0.0,0,0.0,0,1.2826086956521738,0.8,0,0,0.20000000298023224,1,0.7666666507720947,1,-0.1,92,44
1,43,0,"[0.21922695636749268, 0.5337370038032532, 0.24703608453273773]",1.0,0.57,0.0,0,0.0,0,1.6956521739130435,0.6,0,0,0.20000000298023224,1,0.7666666507720947,1,-0.1,92,44
1,44,1,"[0.21921510994434357, 0.5334814190864563, 0.24730351567268372]",1.0,0.56,0.0,0,0.0,0,1.6956521739130435,0.1,0,0,0.20000000298023224,1,0.7666666507720947,1,-0.1,92,44
1,45,2,"[0.2195836752653122, 0.5337401628494263, 0.24667620658874512]",1.0,0.55,0.0,0,0.0,0,0.6086956521739131,0.1,0,0,0.20000000298023224,1,0.7666666507720947,1,-0.05,92,44
1,46,1,"[0.21954427659511566, 0.5336734652519226, 0.24678224325180054]",1.0,0.54,0.0,0,0.0,0,0.7717391304347826,0.1,0,0,0.20000000298023224,1,0.7666666507720947,1,-0.1,92,44
1,47,0,"[0.2194773107767105, 0.5336509943008423, 0.24687163531780243]",1.0,0.53,0.0,0,0.0,0,0.9891304347826086,0.2,0,0,0.20000000298023224,1,0.7666666507720947,1,0.0,92,44
1,48,2,"[0.21597300469875336, 0.5268465876579285, 0.25718048214912415]",0.010869565217391304,0.52,0.9891304347826086,1,0.1,1,1.9021739130434783,0.8,1,0,0.20000000298023224,1,0.7666666507720947,1,0.86,92,44
1,49,1,"[0.21901673078536987, 0.533462643623352, 0.24752065539360046]",1.0,0.51,0.0,0,0.0,0,2.0543478260869565,0.7,1,0,0.20000000298023224,1,0.7666666507720947,1,-0.1,92,44
1,50,1,"[0.21948321163654327, 0.5335119962692261, 0.24700477719306946]",1.0,0.5,0.0,0,0.0,0,1.1304347826086956,0.1,1,0,0.20000000298023224,1,0.7666666507720947,1,-0.1,92,44
1,51,2,"[0.2197347730398178, 0.5337622761726379, 0.24650296568870544]",1.0,0.49,0.0,0,0.0,0,0.2826086956521739,0.2,1,0,0.20000000298023224,1,0.7666666507720947,1,-0.05,92,44
1,52,0,"[0.21948948502540588, 0.5336090922355652, 0.2469014674425125]",1.0,0.48,0.0,0,0.0,0,1.2282608695652173,0.4,1,0,0.20000000298023224,1,0.7666666507720947,1,-0.1,92,44
1,53,1,"[0.219760924577713, 0.5341290831565857, 0.24611002206802368]",1.0,0.47,0.0,0,0.0,0,0.40217391304347827,0.8,0,0,0.20000000298023224,1,0.7666666507720947,1,-0.1,92,44
1,54,1,"[0.21968364715576172, 0.5337759852409363, 0.24654029309749603]",1.0,0.46,0.0,0,0.0,0,0.44565217391304346,0.2,0,0,0.20000000298023224,1,0.7666666507720947,1,-0.1,92,44
1,55,1,"[0.2191678285598755, 0.5334305167198181, 0.24740169942378998]",1.0,0.45,0.0,0,0.0,0,1.858695652173913,0.4,0,0,0.20000000298023224,1,0.7666666507720947,1,-0.1,92,44
1,56,1,"[0.21968063712120056, 0.5337305068969727, 0.24658891558647156]",1.0,0.44,0.0,0,0.0,0,0.31521739130434784,0.1,0,0,0.20000000298023224,1,0.7666666507720947,1,-0.1,92,44
1,57,0,"[0.21933943033218384, 0.5334003567695618, 0.24726012349128723]",1.0,0.43,0.0,0,0.0,0,1.434782608695652,0.2,0,0,0.20000000298023224,1,0.7666666507720947,1,-0.1,92,44
1,58,0,"[0.21979939937591553, 0.5340752005577087, 0.24612534046173096]",1.0,0.42,0.0,0,0.0,0,0.15217391304347827,0.7,0,0,0.20000000298023224,1,0.7666666507720947,1,0.0,92,44
1,59,2,"[0.21950161457061768, 0.5333957076072693, 0.24710260331630707]",0.8478260869565217,0.41,0.15217391304347827,1,0.6,1,0.75,0.7,1,0,0.20000000298023224,1,0.7666666507720947,1,-0.05,92,44
1,60,2,"[0.2193005084991455, 0.533149778842926, 0.24754974246025085]",0.8478260869565217,0.4,0.15217391304347827,1,0.5,1,1.2065217391304348,0.7,1,0,0.20000000298023224,1,0.7666666507720947,1,-0.05,92,44
1,61,1,"[0.21958203613758087, 0.5335560441017151, 0.24686196446418762]",0.8478260869565217,0.39,0.15217391304347827,1,0.4,1,0.11956521739130435,0.9,1,0,0.20000000298023224,1,0.7666666507720947,1,0.0,92,44
1,62,0,"[0.21944931149482727, 0.5333846211433411, 0.24716612696647644]",0.8478260869565217,0.38,0.15217391304347827,1,0.3,1,0.3695652173913043,0.6,1,1,0.20000000298023224,1,0.7666666507720947,1,0.0,92,44
1,63,0,"[0.21830235421657562, 0.5317336320877075, 0.24996402859687805]",0.4782608695652174,0.37,0.5217391304347826,2,0.7,2,0.4782608695652174,0.9,1,1,0.20000000298023224,1,0.7666666507720947,1,0.0,92,44
1,64,1,"[0.2166842818260193, 0.5296155214309692, 0.2537001967430115]",0.0,0.36,1.0,3,1.3,3,0.8478260869565217,0.5,1,1,0.20000000298023224,1,0.7666666507720947,1,0.04,92,44
1,65,1,"[0.21739274263381958, 0.5293424129486084, 0.253264844417572]",0.15217391304347827,0.35,0.8478260869565217,2,1.0,2,0.17391304347826086,0.3,1,0,0.20000000298023224,1,0.7666666507720947,1,-0.1,92,44
1,66,1,"[0.21750454604625702, 0.5294427275657654, 0.253052681684494]",0.15217391304347827,0.34,0.8478260869565217,2,0.8,2,0.05434782608695652,0.5,1,0,0.20000000298023224,1,0.7666666507720947,1,-0.1,92,44
1,67,2,"[0.2173423320055008, 0.5292015075683594, 0.25345614552497864]",0.15217391304347827,0.33,0.8478260869565217,2,0.6,2,0.5434782608695652,0.4,1,0,0.20000000298023224,1,0.7666666507720947,1,0.29,92,44
1,68,0,"[0.21804970502853394, 0.5304678678512573, 0.25148242712020874]",0.5217391304347826,0.32,0.4782608695652174,1,0.4,1,1.4782608695652173,0.6,1,0,0.20000000298023224,1,0.7666666507720947,1,-0.1,92,44
1,69,1,"[0.21845275163650513, 0.5310134291648865, 0.2505338490009308]",0.5217391304347826,0.31,0.4782608695652174,1,0.3,1,0.6195652173913043,0.4,0,0,0.20000000298023224,1,0.7666666507720947,1,-0.035,92,44
1,70,0,"[0.2178395539522171, 0.5302742719650269, 0.25188612937927246]",0.5217391304347826,0.3,0.4782608695652174,1,0.2,1,1.9891304347826086,0.4,0,0,0.20000000298023224,1,0.7666666507720947,1,-0.1,92,44
1,71,1,"[0.21819950640201569, 0.5307007431983948, 0.2510998249053955]",0.5217391304347826,0.29,0.4782608695652174,1,0.1,1,0.9565217391304348,0.5,0,0,0.20000000298023224,1,0.7666666507720947,1,0.34,92,44
1,72,1,"[0.21929500997066498, 0.5332192778587341, 0.2474856674671173]",1.0,0.28,0.0,0,0.0,0,1.4021739130434783,0.4,0,0,0.20000000298023224,1,0.7666666507720947,1,-0.1,92,44
1,73,2,"[0.2190588116645813, 0.5330678820610046, 0.24787329137325287]",1.0,0.27,0.0,0,0.0,0,2.097826086956522,0.3,0,0,0.20000000298023224,1,0.7666666507720947,1,-0.05,92,44
1,74,1,"[0.21933697164058685, 0.5334954857826233, 0.24716754257678986]",1.0,0.26,0.0,0,0.0,0,1.5108695652173914,0.8,0,0,0.20000000298023224,1,0.7666666507720947,1,-0.1,92,44
1,75,1,"[0.21966955065727234, 0.533780038356781, 0.24655038118362427]",1.0,0.25,0.0,0,0.0,0,0.6521739130434783,0.8,0,0,0.20000000298023224,1,0.7666666507720947,1,-0.1,92,44
1,76,2,"[0.21970021724700928, 0.5336307883262634, 0.2466689646244049]",1.0,0.24,0.0,0,0.0,0,0.42391304347826086,0.4,0,0,0.20000000298023224,1,0.7666666507720947,1,-0.05,92,44
1,77,1,"[0.2197100818157196, 0.5337430238723755, 0.2465468943119049]",1.0,0.23,0.0,0,0.0,0,0.5217391304347826,0.7,0,0,0.20000000298023224,1,0.7666666507720947,1,-0.1,92,44
1,78,1,"[0.21974870562553406, 0.5336763262748718, 0.24657492339611053]",1.0,0.22,0.0,0,0.0,0,0.2608695652173913,0.4,0,0,0.20000000298023224,1,0.7666666507720947,1,-0.1,92,44
1,79,2,"[0.21910224854946136, 0.5331055521965027, 0.24779219925403595]",1.0,0.21,0.0,0,0.0,0,2.0434782608695654,0.5,0,0,0.20000000298023224,1,0.7666666507720947,1,-0.05,92,44
1,80,1,"[0.21954119205474854, 0.5336431860923767, 0.24681562185287476]",1.0,0.2,0.0,0,0.0,0,1.0217391304347827,0.9,0,0,0.20000000298023224,1,0.7666666507720947,1,-0.1,92,44
1,81,1,"[0.21971896290779114, 0.5335406064987183, 0.24674037098884583]",1.0,0.19,0.0,0,0.0,0,0.15217391304347827,0.1,0,0,0.20000000298023224,1,0.7666666507720947,1,-0.1,92,44
1,82,1,"[0.2198077142238617, 0.533887505531311, 0.2463047206401825]",1.0,0.18,0.0,0,0.0,0,0.2391304347826087,0.9,0,0,0.20000000298023224,1,0.7666666507720947,1,-0.1,92,44
1,83,2,"[0.21908557415008545, 0.5331910848617554, 0.2477232813835144]",1.0,0.17,0.0,0,0.0,0,2.0869565217391304,0.8,0,0,0.20000000298023224,1,0.7666666507720947,1,-0.05,92,44
1,84,2,"[0.2197733372449875, 0.5338070392608643, 0.24641966819763184]",1.0,0.16,0.0,0,0.0,0,0.2717391304347826,0.8,0,0,0.20000000298023224,1,0.7666666507720947,1,-0.05,92,44
1,85,0,"[0.2198311984539032, 0.533818781375885, 0.24634991586208344]",1.0,0.15,0.0,0,0.0,0,0.13043478260869565,0.7,0,0,0.20000000298023224,1,0.7666666507720947,1,0.0,92,44
1,86,1,"[0.21977390348911285, 0.533649742603302, 0.24657632410526276]",0.8695652173913043,0.14,0.13043478260869565,1,0.6,1,0.14130434782608695,1.0,1,0,0.20000000298023224,1,0.7666666507720947,1,-0.1,92,44
1,87,1,"[0.21937908232212067, 0.5326613187789917, 0.24795956909656525]",0.8695652173913043,0.13,0.13043478260869565,1,0.5,1,1.1956521739130435,0.3,1,0,0.20000000298023224,1,0.7666666507720947,1,-0.1,92,44
1,88,1,"[0.21921083331108093, 0.5323472619056702, 0.2484419047832489]",0.8695652173913043,0.12,0.13043478260869565,1,0.4,1,1.5326086956521738,0.1,1,0,0.20000000298023224,1,0.7666666507720947,1,-0.1,92,44
1,89,2,"[0.21921323239803314, 0.5326353907585144, 0.24815133213996887]",0.8695652173913043,0.11,0.13043478260869565,1,0.3,1,1.3804347826086956,0.7,1,0,0.20000000298023224,1,0.7666666507720947,1,-0.05,92,44
1,90,1,"[0.2193397730588913, 0.5325139164924622, 0.24814634025096893]",0.8695652173913043,0.1,0.13043478260869565,1,0.2,1,0.9239130434782609,0.3,1,0,0.20000000298023224,1,0.7666666507720947,1,-0.1,92,44
1,91,1,"[0.21887296438217163, 0.5320219993591309, 0.24910509586334229]",0.8695652173913043,0.09,0.13043478260869565,1,0.1,1,2.032608695652174,0.2,1,0,0.20000000298023224,1,0.7666666507720947,1,0.02,92,44
1,92,0,"[0.21923263370990753, 0.5330241918563843, 0.247743159532547]",1.0,0.08,0.0,0,0.0,0,1.9130434782608696,0.6,1,0,0.20000000298023224,1,0.7666666507720947,1,-0.1,92,44
1,93,2,"[0.21929313242435455, 0.5329292416572571, 0.24777767062187195]",1.0,0.07,0.0,0,0.0,0,1.5217391304347827,0.3,0,0,0.20000000298023224,1,0.7666666507720947,1,-0.05,92,44
1,94,0,"[0.21911148726940155, 0.5327481031417847, 0.2481403648853302]",1.0,0.06,0.0,0,0.0,0,1.9782608695652173,0.2,0,0,0.20000000298023224,1,0.7666666507720947,1,-0.1,92,44
1,95,1,"[0.21918915212154388, 0.5328875184059143, 0.24792326986789703]",1.0,0.05,0.0,0,0.0,0,1.75,0.4,0,0,0.20000000298023224,1,0.7666666507720947,1,-0.1,92,44
1,96,1,"[0.21927139163017273, 0.5331966876983643, 0.24753181636333466]",1.0,0.04,0.0,0,0.0,0,1.684782608695652,0.9,0,0,0.20000000298023224,1,0.7666666507720947,1,-0.1,92,44
1,97,0,"[0.21920372545719147, 0.5328773260116577, 0.24791891872882843]",1.0,0.03,0.0,0,0.0,0,1.7391304347826086,0.4,0,0,0.20000000298023224,1,0.7666666507720947,1,-0.1,92,44
1,98,1,"[0.21921418607234955, 0.5331246852874756, 0.24766118824481964]",1.0,0.02,0.0,0,0.0,0,1.7934782608695652,0.9,0,0,0.20000000298023224,1,0.7666666507720947,1,-0.1,92,44
1,99,1,"[0.21912865340709686, 0.532654881477356, 0.24821648001670837]",1.0,0.01,0.0,0,0.0,0,1.9565217391304348,0.1,0,0,0.20000000298023224,1,0.7666666507720947,1,-0.1,92,44
2,0,2,"[0.30885782837867737, 0.19375212490558624, 0.49739009141921997]",1.0,1.0,0.0,0,0.0,0,0.717391304347826,0.4,0,0,0.20000000298023224,1,0.7666666507720947,1,-0.05,92,44
2,1,1,"[0.21897144615650177, 0.5203941464424133, 0.2606344521045685]",1.0,0.99,0.0,0,0.0,0,2.0434782608695654,0.5,0,0,0.20000000298023224,1,0.7666666507720947,1,-0.1,92,44
2,2,1,"[0.21939440071582794, 0.534084677696228, 0.24652092158794403]",1.0,0.98,0.0,0,0.0,0,0.25,0.3,0,0,0.20000000298023224,1,0.7666666507720947,1,0.0,92,44
2,3,1,"[0.21902231872081757, 0.5341935753822327, 0.24678415060043335]",1.0,0.97,0.0,0,0.0,0,1.5326086956521738,0.3,0,1,0.20000000298023224,1,0.7666666507720947,1,0.0,92,44
2,4,0,"[0.21916364133358002, 0.5343891382217407, 0.2464471459388733]",1.0,0.96,0.0,0,0.0,0,1.1521739130434783,0.5,0,1,0.20000000298023224,1,0.7666666507720947,1,0.115,92,44
2,5,1,"[0.218990758061409, 0.5341594219207764, 0.2468498945236206]",1.0,0.95,0.0,0,0.0,0,1.608695652173913,0.3,0,1,0.20000000298023224,1,0.7666666507720947,1,1.295,92,44
2,6,0,"[0.2196563482284546, 0.5346761345863342, 0.2456674575805664]",1.0,0.94,0.0,0,0.0,0,0.17391304347826086,0.9,0,0,0.20000000298023224,1,0.7666666507720947,1,0.0,92,44
2,7,2,"[0.21945162117481232, 0.5337702035903931, 0.246778205037117]",0.8260869565217391,0.93,0.17391304347826086,1,0.8,1,0.5869565217391305,0.2,1,0,0.20000000298023224,1,0.7666666507720947,1,-0.05,92,44
2,8,2,"[0.21914425492286682, 0.5336562991142273, 0.2471994310617447]",0.8260869565217391,0.92,0.17391304347826086,1,0.7,1,1.3804347826086956,0.5,1,0,0.20000000298023224,1,0.7666666507720947,1,-0.05,92,44
2,9,0,"[0.21931451559066772, 0.5337285995483398, 0.24695685505867004]",0.8260869565217391,0.91,0.17391304347826086,1,0.6,1,0.6413043478260869,0.5,1,0,0.20000000298023224,1,0.7666666507720947,1,0.0,92,44
2,10,1,"[0.21721623837947845, 0.5308961868286133, 0.25188761949539185]",0.18478260869565216,0.9,0.8152173913043478,2,0.9,2,1.608695652173913,1.0,1,0,0.20000000298023224,1,0.7666666507720947,1,0.0,92,44
2,11,1,"[0.21746310591697693, 0.5306470394134521, 0.2518898546695709]",0.18478260869565216,0.89,0.8152173913043478,2,0.7,2,0.9021739130434783,0.1,1,1,0.20000000298023224,1,0.7666666507720947,1,0.8250000000000001,92,44
2,12,2,"[0.21715424954891205, 0.5307875871658325, 0.2520582377910614]",0.18478260869565216,0.88,0.8152173913043478,2,0.5,2,1.815217391304348,0.7,1,1,0.20000000298023224,1,0.7666666507720947,1,-0.05,92,44
2,13,1,"[0.21724040806293488, 0.5306360125541687, 0.25212356448173523]",0.18478260869565216,0.87,0.8152173913043478,2,0.30000000000000004,2,1.5543478260869565,0.4,1,1,0.20000000298023224,1,0.7666666507720947,1,0.59,92,44
2,14,1,"[0.21887695789337158, 0.5336130857467651, 0.24750998616218567]",0.8260869565217391,0.86,0.17391304347826086,1,0.1,1,1.0869565217391304,1.0,1,1,0.20000000298023224,1,0.7666666507720947,1,0.16,92,44
2,15,1,"[0.21910187602043152, 0.5340650081634521, 0.24683314561843872]",1.0,0.85,0.0,0,0.0,0,1.9673913043478262,0.4,1,1,0.20000000298023224,1,0.7666666507720947,1,-0.1,92,44
2,16,2,"[0.21958401799201965, 0.5340941548347473, 0.24632179737091064]",1.0,0.84,0.0,0,0.0,0,0.43478260869565216,0.3,1,0,0.20000000298023224,1,0.7666666507720947,1,1.36,92,44
2,17,1,"[0.21956974267959595, 0.5340376496315002, 0.24639254808425903]",1.0,0.83,0.0,0,0.0,0,0.6739130434782609,0.2,1,0,0.20000000298023224,1,0.7666666507720947,1,0.0,92,44
2,18,1,"[0.21973563730716705, 0.5345833897590637, 0.24568092823028564]",1.0,0.82,0.0,0,0.0,0,0.010869565217391304,0.8,1,1,0.20000000298023224,1,0.7666666507720947,1,0.61,92,44
2,19,2,"[0.21944047510623932, 0.5342210531234741, 0.24633844196796417]",1.0,0.81,0.0,0,0.0,0,1.1956521739130435,0.4,1,1,0.20000000298023224,1,0.7666666507720947,1,1.3800000000000001,92,44
2,20,1,"[0.21939022839069366, 0.5340733528137207, 0.24653641879558563]",1.0,0.8,0.0,0,0.0,0,1.2065217391304348,0.2,1,1,0.20000000298023224,1,0.7666666507720947,1,0.0,92,44
2,21,0,"[0.2193659543991089, 0.5343858003616333, 0.24624818563461304]",1.0,0.79,0.0,0,0.0,0,1.4673913043478262,0.9,1,1,0.20000000298023224,1,0.7666666507720947,1,1.0,92,44
2,22,0,"[0.21887846291065216, 0.5341581106185913, 0.24696344137191772]",1.0,0.78,0.0,0,0.0,0,2.108695652173913,0.9,0,1,0.20000000298023224,1,0.7666666507720947,1,-0.1,92,44
2,23,1,"[0.21901744604110718, 0.5338327884674072, 0.24714979529380798]",1.0,0.77,0.0,0,0.0,0,1.5543478260869565,0.1,0,1,0.20000000298023224,1,0.7666666507720947,1,2.375,92,44
2,24,2,"[0.2190210074186325, 0.5340777635574341, 0.246901273727417]",1.0,0.76,0.0,0,0.0,0,1.608695652173913,0.6,0,1,0.20000000298023224,1,0.7666666507720947,1,-0.05,92,44
2,25,0,"[0.21920430660247803, 0.5342403650283813, 0.246555358171463]",1.0,0.75,0.0,0,0.0,0,1.1956521739130435,0.7,0,1,0.20000000298023224,1,0.7666666507720947,1,-0.13,92,44
2,26,1,"[0.2191997915506363, 0.5341267585754395, 0.24667347967624664]",1.0,0.74,0.0,0,0.0,0,1.1956521739130435,0.5,0,1,0.20000000298023224,1,0.7666666507720947,1,-0.1,92,44
2,27,1,"[0.21920926868915558, 0.5339446663856506, 0.24684607982635498]",1.0,0.73,0.0,0,0.0,0,1.6630434782608696,0.6,0,0,0.20000000298023224,1,0.7666666507720947,1,-0.1,92,44
2,28,2,"[0.21964620053768158, 0.5343059301376343, 0.2460479736328125]",1.0,0.72,0.0,0,0.0,0,0.5217391304347826,0.7,0,0,0.20000000298023224,1,0.7666666507720947,1,-0.05,92,44
2,29,1,"[0.21910186111927032, 0.5336285829544067, 0.24726948142051697]",1.0,0.71,0.0,0,0.0,0,1.9565217391304348,0.1,0,0,0.20000000298023224,1,0.7666666507720947,1,-0.1,92,44
2,30,1,"[0.21972468495368958, 0.5343456268310547, 0.24592964351177216]",1.0,0.7,0.0,0,0.0,0,0.18478260869565216,0.7,0,0,0.20000000298023224,1,0.7666666507720947,1,0.0,92,44
2,31,2,"[0.21902379393577576, 0.5337092876434326, 0.24726693332195282]",1.0,0.69,0.0,0,0.0,0,1.673913043478261,0.1,0,1,0.20000000298023224,1,0.7666666507720947,1,-0.05,92,44
2,32,1,"[0.21929781138896942, 0.5339500308036804, 0.24675212800502777]",1.0,0.68,0.0,0,0.0,0,0.8695652173913043,0.2,0,1,0.20000000298023224,1,0.7666666507720947,1,-0.1,92,44
2,33,1,"[0.2192552238702774, 0.5337522029876709, 0.24699260294437408]",1.0,0.67,0.0,0,0.0,0,1.565217391304348,0.3,0,0,0.20000000298023224,1,0.7666666507720947,1,-0.1,92,44
2,34,1,"[0.2191845327615738, 0.5336971282958984, 0.2471182942390442]",1.0,0.66,0.0,0,0.0,0,1.7391304347826086,0.3,0,0,0.20000000298023224,1,0.7666666507720947,1,-0.1,92,44
2,35,0,"[0.21912425756454468, 0.5336942672729492, 0.24718143045902252]",1.0,0.65,0.0,0,0.0,0,1.8695652173913044,0.4,0,0,0.20000000298023224,1,0.7666666507720947,1,-0.1,92,44
2,36,1,"[0.21904173493385315, 0.5339105725288391, 0.24704769253730774]",1.0,0.64,0.0,0,0.0,0,2.0652173913043477,1.0,0,0,0.20000000298023224,1,0.7666666507720947,1,0.035,92,44
2,37,1,"[0.21948730945587158, 0.534123420715332, 0.24638928472995758]",1.0,0.63,0.0,0,0.0,0,1.0543478260869565,0.8,0,0,0.20000000298023224,1,0.7666666507720947,1,-0.1,92,44
2,38,1,"[0.2196810394525528, 0.5339444279670715, 0.2463744580745697]",1.0,0.62,0.0,0,0.0,0,0.358695652173913,0.1,0,0,0.20000000298023224,1,0.7666666507720947,1,-0.1,92,44
2,39,2,"[0.21915702521800995, 0.5339363813400269, 0.24690654873847961]",1.0,0.61,0.0,0,0.0,0,1.891304347826087,1.0,0,0,0.20000000298023224,1,0.7666666507720947,1,-0.05,92,44
2,40,0,"[0.2190951257944107, 0.5334760546684265, 0.24742884933948517]",1.0,0.6,0.0,0,0.0,0,1.9456521739130435,0.1,0,0,0.20000000298023224,1,0.7666666507720947,1,-0.1,92,44
2,41,2,"[0.21910133957862854, 0.5337387323379517, 0.2471599578857422]",1.0,0.59,0.0,0,0.0,0,1.923913043478261,0.7,0,0,0.20000000298023224,1,0.7666666507720947,1,-0.05,92,44
2,42,2,"[0.21943630278110504, 0.534010112285614, 0.24655365943908691]",1.0,0.58,0.0,0,0.0,0,1.2065217391304348,0.8,0,0,0.20000000298023224,1,0.7666666507720947,1,-0.05,92,44
2,43,0,"[0.21917107701301575, 0.5335661768913269, 0.2472628355026245]",1.0,0.57,0.0,0,0.0,0,1.815217391304348,0.3,0,0,0.20000000298023224,1,0.7666666507720947,1,-0.1,92,44
2,44,2,"[0.21909241378307343, 0.533839225769043, 0.24706833064556122]",1.0,0.56,0.0,0,0.0,0,1.9891304347826086,1.0,0,0,0.20000000298023224,1,0.7666666507720947,1,-0.05,92,44
2,45,0,"[0.21961402893066406, 0.5340754389762878, 0.2463105469942093]",1.0,0.55,0.0,0,0.0,0,0.7065217391304348,0.7,0,0,0.20000000298023224,1,0.7666666507720947,1,0.0,92,44
2,46,2,"[0.21716101467609406, 0.5293437838554382, 0.2534951865673065]",0.29347826086956524,0.54,0.7065217391304348,1,0.6,1,2.0869565217391304,0.8,1,0,0.20000000298023224,1,0.7666666507720947,1,-0.05,92,44
2,47,1,"[0.21778513491153717, 0.5299078226089478, 0.25230705738067627]",0.29347826086956524,0.53,0.7065217391304348,1,0.5,1,0.13043478260869565,0.8,1,0,0.20000000298023224,1,0.7666666507720947,1,0.0,92,44
2,48,0,"[0.21755798161029816, 0.5293100476264954, 0.25313201546669006]",0.29347826086956524,0.52,0.7065217391304348,1,0.4,1,0.6521739130434783,0.2,1,1,0.20000000298023224,1,0.7666666507720947,1,-0.1,92,44
2,49,0,"[0.21722958981990814, 0.5295339822769165, 0.2532363831996918]",0.29347826086956524,0.51,0.7065217391304348,1,0.3,1,1.1195652173913044,0.6,0,1,0.20000000298023224,1,0.7666666507720947,1,-0.1,92,44
2,50,1,"[0.2175101339817047, 0.5296746492385864, 0.25281524658203125]",0.29347826086956524,0.5,0.7065217391304348,1,0.2,1,0.30434782608695654,0.6,0,1,0.20000000298023224,1,0.7666666507720947,1,-0.1,92,44
2,51,0,"[0.21773980557918549, 0.5294416546821594, 0.2528185546398163]",0.29347826086956524,0.49,0.7065217391304348,1,0.1,1,0.14130434782608695,0.1,0,0,0.20000000298023224,1,0.7666666507720947,1,0.78,92,44
2,52,2,"[0.21972422301769257, 0.5340378880500793, 0.2462378889322281]",1.0,0.48,0.0,0,0.0,0,0.03260869565217391,0.9,1,0,0.20000000298023224,1,0.7666666507720947,1,-0.05,92,44
2,53,2,"[0.21945098042488098, 0.533794641494751, 0.24675439298152924]",1.0,0.47,0.0,0,0.0,0,1.358695652173913,0.9,1,0,0.20000000298023224,1,0.7666666507720947,1,-0.05,92,44
2,54,1,"[0.2197066992521286, 0.5337790250778198, 0.24651427567005157]",1.0,0.46,0.0,0,0.0,0,0.4782608695652174,0.4,1,0,0.20000000298023224,1,0.7666666507720947,1,-0.02,92,44
2,55,2,"[0.2196289747953415, 0.5336405038833618, 0.2467305064201355]",1.0,0.45,0.0,0,0.0,0,0.7934782608695652,0.3,1,0,0.20000000298023224,1,0.7666666507720947,1,-0.05,92,44
2,56,0,"[0.219415545463562, 0.5335083603858948, 0.2470761090517044]",1.0,0.44,0.0,0,0.0,0,1.4456521739130435,0.4,1,0,0.20000000298023224,1,0.7666666507720947,1,-0.1,92,44
2,57,1,"[0.2192595899105072, 0.5333583950996399, 0.2473820447921753]",1.0,0.43,0.0,0,0.0,0,1.6630434782608696,0.2,0,0,0.20000000298023224,1,0.7666666507720947,1,-0.1,92,44
2,58,2,"[0.21953603625297546, 0.5336152911186218, 0.24684862792491913]",1.0,0.42,0.0,0,0.0,0,0.8260869565217391,0.3,0,0,0.20000000298023224,1,0.7666666507720947,1,-0.05,92,44
2,59,1,"[0.21960149705410004, 0.5339487195014954, 0.24644972383975983]",1.0,0.41,0.0,0,0.0,0,0.9021739130434783,0.9,0,0,0.20000000298023224,1,0.7666666507720947,1,-0.1,92,44
2,60,1,"[0.21958765387535095, 0.5337398052215576, 0.24667249619960785]",1.0,0.4,0.0,0,0.0,0,0.8152173913043478,0.5,0,0,0.20000000298023224,1,0.7666666507720947,1,-0.1,92,44
2,61,1,"[0.21950411796569824, 0.5337406992912292, 0.2467551976442337]",1.0,0.39,0.0,0,0.0,0,1.108695652173913,0.7,0,0,0.20000000298023224,1,0.7666666507720947,1,-0.1,92,44
2,62,1,"[0.219252347946167, 0.5335380434989929, 0.24720965325832367]",1.0,0.38,0.0,0,0.0,0,1.684782608695652,0.7,0,0,0.20000000298023224,1,0.7666666507720947,1,-0.1,92,44
2,63,0,"[0.21920497715473175, 0.5336658358573914, 0.24712924659252167]",1.0,0.37,0.0,0,0.0,0,1.826086956521739,1.0,0,0,0.20000000298023224,1,0.7666666507720947,1,-0.1,92,44
2,64,2,"[0.2195991724729538, 0.5338053703308105, 0.24659544229507446]",1.0,0.36,0.0,0,0.0,0,0.8043478260869565,0.7,0,0,0.20000000298023224,1,0.7666666507720947,1,-0.05,92,44
2,65,0,"[0.2194092571735382, 0.5333929657936096, 0.2471977025270462]",1.0,0.35,0.0,0,0.0,0,1.2608695652173914,0.3,0,0,0.20000000298023224,1,0.7666666507720947,1,-0.1,92,44
2,66,0,"[0.21909409761428833, 0.5335413813591003, 0.24736446142196655]",1.0,0.34,0.0,0,0.0,0,2.0434782608695654,1.0,0,0,0.20000000298023224,1,0.7666666507720947,1,-0.1,92,44
2,67,1,"[0.2196560502052307, 0.5337424278259277, 0.24660149216651917]",1.0,0.33,0.0,0,0.0,0,0.532608695652174,0.5,0,0,0.20000000298023224,1,0.7666666507720947,1,-0.1,92,44
2,68,1,"[0.21948988735675812, 0.5336320400238037, 0.24687804281711578]",1.0,0.32,0.0,0,0.0,0,1.1630434782608696,0.7,0,0,0.20000000298023224,1,0.7666666507720947,1,-0.1,92,44
2,69,2,"[0.21961933374404907, 0.5335304141044617, 0.24685020744800568]",1.0,0.31,0.0,0,0.0,0,0.5652173913043478,0.2,0,0,0.20000000298023224,1,0.7666666507720947,1,-0.05,92,44
2,70,1,"[0.21907831728458405, 0.5331159830093384, 0.24780569970607758]",1.0,0.3,0.0,0,0.0,0,2.0760869565217392,0.3,0,0,0.20000000298023224,1,0.7666666507720947,1,-0.1,92,44
2,71,1,"[0.2197629064321518, 0.5338624715805054, 0.24637454748153687]",1.0,0.29,0.0,0,0.0,0,0.21739130434782608,0.6,0,0,0.20000000298023224,1,0.7666666507720947,1,-0.1,92,44
2,72,1,"[0.21928969025611877, 0.5331078171730042, 0.2476024180650711]",1.0,0.28,0.0,0,0.0,0,1.5978260869565217,0.1,0,0,0.20000000298023224,1,0.7666666507720947,1,-0.1,92,44
2,73,1,"[0.21908734738826752, 0.5329767465591431, 0.24793586134910583]",1.0,0.27,0.0,0,0.0,0,2.0434782608695654,0.1,0,0,0.20000000298023224,1,0.7666666507720947,1,-0.1,92,44
2,74,0,"[0.2194734513759613, 0.5336033701896667, 0.24692322313785553]",1.0,0.26,0.0,0,0.0,0,1.1630434782608696,0.8,0,0,0.20000000298023224,1,0.7666666507720947,1,-0.1,92,44
2,75,0,"[0.21959705650806427, 0.533564031124115, 0.24683886766433716]",1.0,0.25,0.0,0,0.0,0,0.7608695652173914,0.5,0,0,0.20000000298023224,1,0.7666666507720947,1,0.0,92,44
2,76,2,"[0.21756510436534882, 0.5285997986793518, 0.2538350820541382]",0.2391304347826087,0.24,0.7608695652173914,1,0.4,1,0.8043478260869565,0.2,1,0,0.20000000298023224,1,0.7666666507720947,1,-0.05,92,44
2,77,1,"[0.2168482542037964, 0.5277711153030396, 0.2553807199001312]",0.2391304347826087,0.23,0.7608695652173914,1,0.3,1,2.097826086956522,0.3,1,0,0.20000000298023224,1,0.7666666507720947,1,-0.1,92,44
2,78,0,"[0.2167723923921585, 0.5277196764945984, 0.2555079460144043]",0.2391304347826087,0.22,0.7608695652173914,1,0.2,1,2.0217391304347827,0.4,1,0,0.20000000298023224,1,0.7666666507720947,1,-0.1,92,44
2,79,1,"[0.2174101620912552, 0.5287171602249146, 0.25387266278266907]",0.2391304347826087,0.21,0.7608695652173914,1,0.1,1,0.4782608695652174,0.7,0,0,0.20000000298023224,1,0.7666666507720947,1,0.6,92,44
2,80,1,"[0.21941308677196503, 0.5334174036979675, 0.24716949462890625]",1.0,0.2,0.0,0,0.0,0,1.1195652173913044,0.8,0,0,0.20000000298023224,1,0.7666666507720947,1,-0.1,92,44
2,81,1,"[0.21933536231517792, 0.5330727696418762, 0.24759191274642944]",1.0,0.19,0.0,0,0.0,0,1.4130434782608696,0.2,0,0,0.20000000298023224,1,0.7666666507720947,1,-0.1,92,44
2,82,1,"[0.21962274610996246, 0.5334632396697998, 0.24691402912139893]",1.0,0.18,0.0,0,0.0,0,0.5978260869565217,0.4,0,0,0.20000000298023224,1,0.7666666507720947,1,-0.1,92,44
2,83,0,"[0.21920570731163025, 0.5330064296722412, 0.24778789281845093]",1.0,0.17,0.0,0,0.0,0,1.7934782608695652,0.3,0,0,0.20000000298023224,1,0.7666666507720947,1,-0.1,92,44
2,84,2,"[0.21961842477321625, 0.5335226655006409, 0.24685895442962646]",1.0,0.16,0.0,0,0.0,0,0.6847826086956522,0.6,0,0,0.20000000298023224,1,0.7666666507720947,1,-0.05,92,44
2,85,1,"[0.2190503180027008, 0.533050000667572, 0.24789971113204956]",1.0,0.15,0.0,0,0.0,0,2.141304347826087,0.6,0,0,0.20000000298023224,1,0.7666666507720947,1,-0.1,92,44
2,86,1,"[0.21965345740318298, 0.5335507988929749, 0.24679572880268097]",1.0,0.14,0.0,0,0.0,0,0.5543478260869565,0.6,0,0,0.20000000298023224,1,0.7666666507720947,1,-0.1,92,44
2,87,1,"[0.21983951330184937, 0.5338512659072876, 0.24630917608737946]",1.0,0.13,0.0,0,0.0,0,0.09782608695652174,0.8,0,0,0.20000000298023224,1,0.7666666507720947,1,0.0,92,44
2,88,2,"[0.2195933610200882, 0.5338428020477295, 0.2465638667345047]",1.0,0.12,0.0,0,0.0,0,0.3804347826086957,1.0,0,1,0.20000000298023224,1,0.7666666507720947,1,-0.05,92,44
2,89,0,"[0.2189328670501709, 0.5332557559013367, 0.24781134724617004]",1.0,0.11,0.0,0,0.0,0,2.0652173913043477,0.7,0,1,0.20000000298023224,1,0.7666666507720947,1,-0.1,92,44
2,90,2,"[0.21959708631038666, 0.5336986780166626, 0.24670423567295074]",1.0,0.1,0.0,0,0.0,0,0.11956521739130435,0.7,0,1,0.20000000298023224,1,0.7666666507720947,1,-0.05,92,44
2,91,1,"[0.21940593421459198, 0.5335792899131775, 0.24701477587223053]",1.0,0.09,0.0,0,0.0,0,0.8260869565217391,0.9,0,1,0.20000000298023224,1,0.7666666507720947,1,-0.1,92,44
2,92,2,"[0.2197093367576599, 0.5334962010383606, 0.2467944175004959]",1.0,0.08,0.0,0,0.0,0,0.29347826086956524,0.4,0,0,0.20000000298023224,1,0.7666666507720947,1,-0.05,92,44
2,93,2,"[0.21982958912849426, 0.5337613224983215, 0.2464090883731842]",1.0,0.07,0.0,0,0.0,0,0.14130434782608695,0.8,0,0,0.20000000298023224,1,0.7666666507720947,1,-0.05,92,44
2,94,1,"[0.2191551923751831, 0.5331299901008606, 0.24771486222743988]",1.0,0.06,0.0,0,0.0,0,1.9565217391304348,0.9,0,0,0.20000000298023224,1,0.7666666507720947,1,-0.05,92,44
2,95,1,"[0.2197798639535904, 0.5336427688598633, 0.24657730758190155]",1.0,0.05,0.0,0,0.0,0,0.11956521739130435,0.6,0,0,0.20000000298023224,1,0.7666666507720947,1,-0.1,92,44
2,96,1,"[0.2195402830839157, 0.5330942273139954, 0.24736547470092773]",1.0,0.04,0.0,0,0.0,0,0.782608695652174,0.2,0,0,0.20000000298023224,1,0.7666666507720947,1,-0.1,92,44
2,97,2,"[0.2198132574558258, 0.5337778329849243, 0.24640892446041107]",1.0,0.03,0.0,0,0.0,0,0.1956521739130435,1.0,0,0,0.20000000298023224,1,0.7666666507720947,1,-0.05,92,44
2,98,0,"[0.21924971044063568, 0.5331987738609314, 0.2475515753030777]",1.0,0.02,0.0,0,0.0,0,1.815217391304348,1.0,0,0,0.20000000298023224,1,0.7666666507720947,1,-0.1,92,44
2,99,1,"[0.21980008482933044, 0.5336546897888184, 0.24654529988765717]",1.0,0.01,0.0,0,0.0,0,0.11956521739130435,0.7,0,0,0.20000000298023224,1,0.7666666507720947,1,-0.1,92,44
3,0,2,"[0.3147107660770416, 0.18887543678283691, 0.49641379714012146]",1.0,1.0,0.0,0,0.0,0,0.44565217391304346,0.3,0,0,0.20000000298023224,1,0.7666666507720947,1,-0.05,92,44
3,1,2,"[0.2203720659017563, 0.5171325206756592, 0.26249539852142334]",1.0,0.99,0.0,0,0.0,0,0.5,0.6,0,0,0.20000000298023224,1,0.7666666507720947,1,-0.05,92,44
3,2,1,"[0.21897907555103302, 0.5338939428329468, 0.24712704122066498]",1.0,0.98,0.0,0,0.0,0,1.565217391304348,0.6,0,0,0.20000000298023224,1,0.7666666507720947,1,-0.1,92,44
3,3,0,"[0.21895010769367218, 0.5342774391174316, 0.24677246809005737]",1.0,0.97,0.0,0,0.0,0,2.130434782608696,1.0,0,0,0.20000000298023224,1,0.7666666507720947,1,-0.1,92,44
3,4,0,"[0.21933560073375702, 0.5341064929962158, 0.24655795097351074]",1.0,0.96,0.0,0,0.0,0,1.2608695652173914,0.1,0,0,0.20000000298023224,1,0.7666666507720947,1,-0.1,92,44
3,5,1,"[0.21967513859272003, 0.5344699621200562, 0.24585486948490143]",1.0,0.95,0.0,0,0.0,0,0.20652173913043478,0.4,0,0,0.20000000298023224,1,0.7666666507720947,1,0.0,92,44
3,6,1,"[0.2190566062927246, 0.5344178676605225, 0.24652554094791412]",1.0,0.94,0.0,0,0.0,0,1.608695652173913,0.8,0,1,0.20000000298023224,1,0.7666666507720947,1,0.0,92,44
3,7,1,"[0.21913063526153564, 0.5343328714370728, 0.2465364933013916]",1.0,0.93,0.0,0,0.0,0,1.2608695652173914,0.5,0,1,0.20000000298023224,1,0.7666666507720947,1,-0.1,92,44
3,8,2,"[0.21953526139259338, 0.5344720482826233, 0.24599270522594452]",1.0,0.92,0.0,0,0.0,0,0.6956521739130435,0.7,0,0,0.20000000298023224,1,0.7666666507720947,1,0.12,92,44
3,9,1,"[0.21908791363239288, 0.5340330600738525, 0.24687904119491577]",1.0,0.91,0.0,0,0.0,0,1.9130434782608696,0.4,0,0,0.20000000298023224,1,0.7666666507720947,1,0.0,92,44
3,10,1,"[0.21894629299640656, 0.5342562198638916, 0.24679748713970184]",1.0,0.9,0.0,0,0.0,0,1.7934782608695652,0.7,0,1,0.20000000298023224,1,0.7666666507720947,1,0.0,92,44
3,11,0,"[0.21918068826198578, 0.5345378518104553, 0.2462814748287201]",1.0,0.89,0.0,0,0.0,0,1.2391304347826086,1.0,0,1,0.20000000298023224,1,0.7666666507720947,1,-0.1,92,44
3,12,0,"[0.21928316354751587, 0.5345505475997925, 0.24616624414920807]",1.0,0.88,0.0,0,0.0,0,0.9782608695652174,0.9,0,1,0.20000000298023224,1,0.7666666507720947,1,1.74,92,44
3,13,1,"[0.21683834493160248, 0.5287101864814758, 0.2544514536857605]",0.021739130434782608,0.87,0.9782608695652174,1,0.8,1,0.9021739130434783,0.8,1,1,0.20000000298023224,1,0.7666666507720947,1,1.34,92,44
3,14,2,"[0.21641649305820465, 0.5277062058448792, 0.2558773159980774]",0.021739130434782608,0.86,0.9782608695652174,1,0.7,1,1.6304347826086956,0.2,1,0,0.20000000298023224,1,0.7666666507720947,1,-0.05,92,44
3,15,2,"[0.2167700231075287, 0.5281186699867249, 0.2551113963127136]",0.021739130434782608,0.85,0.9782608695652174,1,0.6,1,0.5869565217391305,0.5,1,0,0.20000000298023224,1,0.7666666507720947,1,-0.05,92,44
3,16,1,"[0.21689844131469727, 0.5280981659889221, 0.2550033926963806]",0.021739130434782608,0.84,0.9782608695652174,1,0.5,1,0.2608695652173913,0.4,1,0,0.20000000298023224,1,0.7666666507720947,1,1.5150000000000001,92,44
3,17,1,"[0.2166394591331482, 0.5278397798538208, 0.2555207908153534]",0.021739130434782608,0.83,0.9782608695652174,1,0.4,1,0.6739130434782609,0.4,1,0,0.20000000298023224,1,0.7666666507720947,1,0.0,92,44
3,18,0,"[0.21639586985111237, 0.5279403328895569, 0.25566381216049194]",0.021739130434782608,0.82,0.9782608695652174,1,0.3,1,1.076086956521739,0.5,1,1,0.20000000298023224,1,0.7666666507720947,1,-0.1,92,44
3,19,1,"[0.21635469794273376, 0.5283321142196655, 0.2553131878376007]",0.021739130434782608,0.81,0.9782608695652174,1,0.2,1,0.9021739130434783,0.9,0,1,0.20000000298023224,1,0.7666666507720947,1,-0.1,92,44
3,20,2,"[0.21676822006702423, 0.5278275609016418, 0.25540420413017273]",0.021739130434782608,0.8,0.9782608695652174,1,0.1,1,0.13043478260869565,0.2,0,0,0.20000000298023224,1,0.7666666507720947,1,1.45,92,44
3,21,2,"[0.21905311942100525, 0.5339888334274292, 0.24695804715156555]",1.0,0.79,0.0,0,0.0,0,1.7391304347826086,0.9,0,0,0.20000000298023224,1,0.7666666507720947,1,-0.05,92,44
3,22,1,"[0.2193756252527237, 0.5339871048927307, 0.246637225151062]",1.0,0.78,0.0,0,0.0,0,1.2065217391304348,0.3,0,0,0.20000000298023224,1,0.7666666507720947,1,0.0,92,44
3,23,2,"[0.21898368000984192, 0.5340597033500671, 0.24695663154125214]",1.0,0.77,0.0,0,0.0,0,1.75,0.6,0,1,0.20000000298023224,1,0.7666666507720947,1,-0.05,92,44
3,24,2,"[0.2195848971605301, 0.5344868302345276, 0.24592827260494232]",1.0,0.76,0.0,0,0.0,0,0.05434782608695652,0.8,0,1,0.20000000298023224,1,0.7666666507720947,1,1.045,92,44
3,25,0,"[0.21903355419635773, 0.5342094302177429, 0.24675706028938293]",1.0,0.75,0.0,0,0.0,0,1.7608695652173914,0.9,0,1,0.20000000298023224,1,0.7666666507720947,1,-0.1,92,44
3,26,1,"[0.21927405893802643, 0.5341793894767761, 0.24654661118984222]",1.0,0.74,0.0,0,0.0,0,0.9891304347826086,0.5,0,1,0.20000000298023224,1,0.7666666507720947,1,-0.1,92,44
3,27,1,"[0.21958991885185242, 0.5340936779975891, 0.24631644785404205]",1.0,0.73,0.0,0,0.0,0,0.6086956521739131,0.3,0,0,0.20000000298023224,1,0.7666666507720947,1,0.0,92,44
3,28,1,"[0.2191920131444931, 0.5343145132064819, 0.24649351835250854]",1.0,0.72,0.0,0,0.0,0,1.3804347826086956,1.0,0,1,0.20000000298023224,1,0.7666666507720947,1,0.0,92,44
3,29,1,"[0.2192513793706894, 0.5340203046798706, 0.2467283457517624]",1.0,0.71,0.0,0,0.0,0,1.0326086956521738,0.3,0,1,0.20000000298023224,1,0.7666666507720947,1,0.445,92,44
3,30,2,"[0.21902379393577576, 0.533891499042511, 0.24708467721939087]",1.0,0.7,0.0,0,0.0,0,2.0760869565217392,0.8,0,0,0.20000000298023224,1,0.7666666507720947,1,-0.05,92,44
3,31,2,"[0.21922193467617035, 0.5338118076324463, 0.2469661980867386]",1.0,0.69,0.0,0,0.0,0,1.6304347826086956,0.4,0,0,0.20000000298023224,1,0.7666666507720947,1,-0.05,92,44
3,32,1,"[0.21927642822265625, 0.5336856842041016, 0.24703793227672577]",1.0,0.68,0.0,0,0.0,0,1.5217391304347827,0.1,0,0,0.20000000298023224,1,0.7666666507720947,1,-0.1,92,44
3,33,1,"[0.21910330653190613, 0.5336175560951233, 0.247279092669487]",1.0,0.67,0.0,0,0.0,0,1.9130434782608696,0.2,0,0,0.20000000298023224,1,0.7666666507720947,1,-0.1,92,44
3,34,2,"[0.2193358838558197, 0.5339294075965881, 0.24673469364643097]",1.0,0.66,0.0,0,0.0,0,1.3804347826086956,0.6,0,0,0.20000000298023224,1,0.7666666507720947,1,-0.05,92,44
3,35,2,"[0.21942076086997986, 0.533986508846283, 0.2465927004814148]",1.0,0.65,0.0,0,0.0,0,1.2065217391304348,0.6,0,0,0.20000000298023224,1,0.7666666507720947,1,-0.05,92,44
3,36,1,"[0.2196705937385559, 0.5340024828910828, 0.24632693827152252]",1.0,0.64,0.0,0,0.0,0,0.391304347826087,0.2,0,0,0.20000000298023224,1,0.7666666507720947,1,-0.1,92,44
3,37,1,"[0.2196553349494934, 0.5342881083488464, 0.246056467294693]",1.0,0.63,0.0,0,0.0,0,0.6521739130434783,0.9,0,0,0.20000000298023224,1,0.7666666507720947,1,1.22,92,44
3,38,1,"[0.2195046842098236, 0.5341077446937561, 0.2463875561952591]",1.0,0.62,0.0,0,0.0,0,0.4891304347826087,0.4,0,1,0.20000000298023224,1,0.7666666507720947,1,0.0,92,44
3,39,1,"[0.21937863528728485, 0.5342926383018494, 0.2463286817073822]",1.0,0.61,0.0,0,0.0,0,0.8804347826086957,1.0,0,1,0.20000000298023224,1,0.7666666507720947,1,-0.1,92,44
3,40,0,"[0.219709113240242, 0.5341283082962036, 0.24616257846355438]",1.0,0.6,0.0,0,0.0,0,0.34782608695652173,0.5,0,0,0.20000000298023224,1,0.7666666507720947,1,0.0,92,44
3,41,0,"[0.21845418214797974, 0.5318956971168518, 0.24965010583400726]",0.6521739130434783,0.59,0.34782608695652173,1,0.4,1,1.673913043478261,0.6,1,0,0.20000000298023224,1,0.7666666507720947,1,0.33,92,44
3,42,1,"[0.2188892960548401, 0.5326008200645447, 0.24850982427597046]",0.6521739130434783,0.58,0.34782608695652173,1,0.3,1,0.45652173913043476,0.8,0,0,0.20000000298023224,1,0.7666666507720947,1,-0.1,92,44
3,43,1,"[0.2188708335161209, 0.5324738621711731, 0.24865534901618958]",0.6521739130434783,0.57,0.34782608695652173,1,0.2,1,0.358695652173913,0.7,0,0,0.20000000298023224,1,0.7666666507720947,1,-0.1,92,44
3,44,1,"[0.21887272596359253, 0.5324364304542542, 0.24869082868099213]",0.6521739130434783,0.56,0.34782608695652173,1,0.1,1,0.15217391304347827,0.8,0,0,0.20000000298023224,1,0.7666666507720947,1,0.32,92,44
3,45,1,"[0.2195010483264923, 0.5338257551193237, 0.24667318165302277]",1.0,0.55,0.0,0,0.0,0,0.33695652173913043,0.1,0,1,0.20000000298023224,1,0.7666666507720947,1,0.455,92,44
3,46,0,"[0.2197255790233612, 0.5341893434524536, 0.246085062623024]",1.0,0.54,0.0,0,0.0,0,0.3804347826086957,0.8,0,0,0.20000000298023224,1,0.7666666507720947,1,0.0,92,44
3,47,2,"[0.21872524917125702, 0.5318078398704529, 0.24946695566177368]",0.6195652173913043,0.53,0.3804347826086957,1,0.7,1,1.1195652173913044,0.3,1,0,0.20000000298023224,1,0.7666666507720947,1,-0.05,92,44
3,48,0,"[0.2188221663236618, 0.5320401787757874, 0.24913766980171204]",0.6195652173913043,0.52,0.3804347826086957,1,0.6,1,0.5217391304347826,0.6,1,0,0.20000000298023224,1,0.7666666507720947,1,0.0,92,44
3,49,1,"[0.21726320683956146, 0.5294031500816345, 0.25333359837532043]",0.09782608695652174,0.51,0.9021739130434783,2,1.0,2,0.8478260869565217,0.5,1,0,0.20000000298023224,1,0.7666666507720947,1,-0.1,92,44
3,50,1,"[0.21677090227603912, 0.5288406610488892, 0.2543885111808777]",0.09782608695652174,0.5,0.9021739130434783,2,0.8,2,1.923913043478261,0.2,1,0,0.20000000298023224,1,0.7666666507720947,1,-0.1,92,44
3,51,1,"[0.21705392003059387, 0.5289331078529358, 0.25401291251182556]",0.09782608695652174,0.49,0.9021739130434783,2,0.6,2,1.326086956521739,0.1,1,0,0.20000000298023224,1,0.7666666507720947,1,0.0,92,44
3,52,0,"[0.2167617529630661, 0.5287439227104187, 0.2544943392276764]",0.09782608695652174,0.48,0.9021739130434783,2,0.4,2,1.858695652173913,0.3,1,0,0.20000000298023224,1,0.7666666507720947,1,-0.1,92,44
3,53,0,"[0.21708133816719055, 0.5289462804794312, 0.25397244095802307]",0.09782608695652174,0.47,0.9021739130434783,2,0.2,2,0.9891304347826086,0.1,0,0,0.20000000298023224,1,0.7666666507720947,1,0.73,92,44
3,54,1,"[0.2195242941379547, 0.5338722467422485, 0.24660338461399078]",1.0,0.46,0.0,0,0.0,0,0.6847826086956522,0.8,0,0,0.20000000298023224,1,0.7666666507720947,1,-0.1,92,44
3,55,1,"[0.21975582838058472, 0.5338797569274902, 0.24636436998844147]",1.0,0.45,0.0,0,0.0,0,0.14130434782608695,0.2,0,0,0.20000000298023224,1,0.7666666507720947,1,0.0,92,44
3,56,1,"[0.2191411852836609, 0.5338594913482666, 0.24699927866458893]",1.0,0.44,0.0,0,0.0,0,1.608695652173913,0.9,0,1,0.20000000298023224,1,0.7666666507720947,1,0.02,92,44
3,57,1,"[0.21956278383731842, 0.5339161157608032, 0.24652107059955597]",1.0,0.43,0.0,0,0.0,0,0.9130434782608695,0.8,0,0,0.20000000298023224,1,0.7666666507720947,1,-0.1,92,44
3,58,1,"[0.2193801999092102, 0.5335718989372253, 0.2470478117465973]",1.0,0.42,0.0,0,0.0,0,1.358695652173913,0.5,0,0,0.20000000298023224,1,0.7666666507720947,1,-0.1,92,44
3,59,2,"[0.21928462386131287, 0.5334936380386353, 0.24722179770469666]",1.0,0.41,0.0,0,0.0,0,1.5869565217391304,0.5,0,0,0.20000000298023224,1,0.7666666507720947,1,-0.05,92,44
3,60,0,"[0.2194993793964386, 0.5334495306015015, 0.24705107510089874]",1.0,0.4,0.0,0,0.0,0,0.9021739130434783,0.1,0,0,0.20000000298023224,1,0.7666666507720947,1,0.8300000000000001,92,44
3,61,1,"[0.2192886918783188, 0.5336034297943115, 0.24710789322853088]",1.0,0.39,0.0,0,0.0,0,1.7826086956521738,0.9,1,0,0.20000000298023224,1,0.7666666507720947,1,-0.1,92,44
3,62,2,"[0.21948279440402985, 0.5335777401924133, 0.246939554810524]",1.0,0.38,0.0,0,0.0,0,1.2391304347826086,0.6,1,0,0.20000000298023224,1,0.7666666507720947,1,-0.05,92,44
3,63,0,"[0.2195112556219101, 0.5334873795509338, 0.24700145423412323]",1.0,0.37,0.0,0,0.0,0,1.173913043478261,0.4,1,0,0.20000000298023224,1,0.7666666507720947,1,-0.1,92,44
3,64,1,"[0.21981455385684967, 0.5339112281799316, 0.2462741881608963]",1.0,0.36,0.0,0,0.0,0,0.06521739130434782,0.4,0,0,0.20000000298023224,1,0.7666666507720947,1,-0.1,92,44
3,65,1,"[0.21984748542308807, 0.534088134765625, 0.24606437981128693]",1.0,0.35,0.0,0,0.0,0,0.06521739130434782,0.8,0,0,0.20000000298023224,1,0.7666666507720947,1,-0.1,92,44
3,66,0,"[0.21944677829742432, 0.5336198210716248, 0.24693341553211212]",1.0,0.34,0.0,0,0.0,0,1.3043478260869565,0.7,0,0,0.20000000298023224,1,0.7666666507720947,1,-0.1,92,44
3,67,2,"[0.21935810148715973, 0.5332792401313782, 0.24736268818378448]",1.0,0.33,0.0,0,0.0,0,1.391304347826087,0.2,0,0,0.20000000298023224,1,0.7666666507720947,1,-0.05,92,44
3,68,1,"[0.21980352699756622, 0.534107506275177, 0.2460888922214508]",1.0,0.32,0.0,0,0.0,0,0.18478260869565216,1.0,0,0,0.20000000298023224,1,0.7666666507720947,1,-0.1,92,44
3,69,2,"[0.21950305998325348, 0.5335358381271362, 0.24696119129657745]",1.0,0.31,0.0,0,0.0,0,1.065217391304348,0.5,0,0,0.20000000298023224,1,0.7666666507720947,1,-0.05,92,44
3,70,1,"[0.21904022991657257, 0.5332068800926208, 0.24775294959545135]",1.0,0.3,0.0,0,0.0,0,2.152173913043478,0.5,0,0,0.20000000298023224,1,0.7666666507720947,1,-0.1,92,44
3,71,1,"[0.2196950763463974, 0.5338642597198486, 0.24644072353839874]",1.0,0.29,0.0,0,0.0,0,0.5217391304347826,0.8,0,0,0.20000000298023224,1,0.7666666507720947,1,-0.1,92,44
3,72,1,"[0.21981297433376312, 0.533899188041687, 0.24628780782222748]",1.0,0.28,0.0,0,0.0,0,0.16304347826086957,0.6,0,0,0.20000000298023224,1,0.7666666507720947,1,-0.1,92,44
3,73,1,"[0.21907103061676025, 0.533176600933075, 0.24775242805480957]",1.0,0.27,0.0,0,0.0,0,2.119565217391304,0.5,0,0,0.20000000298023224,1,0.7666666507720947,1,-0.1,92,44
3,74,0,"[0.2197655290365219, 0.5338353514671326, 0.24639911949634552]",1.0,0.26,0.0,0,0.0,0,0.20652173913043478,0.6,0,0,0.20000000298023224,1,0.7666666507720947,1,0.0,92,44
3,75,2,"[0.2189856767654419, 0.5325863361358643, 0.24842791259288788]",0.7934782608695652,0.25,0.20652173913043478,1,0.5,1,1.7282608695652173,1.0,1,0,0.20000000298023224,1,0.7666666507720947,1,-0.05,92,44
3,76,1,"[0.21883882582187653, 0.5322510600090027, 0.24891012907028198]",0.7934782608695652,0.24,0.20652173913043478,1,0.4,1,1.923913043478261,0.7,1,0,0.20000000298023224,1,0.7666666507720947,1,-0.1,92,44
3,77,2,"[0.21917840838432312, 0.5323683023452759, 0.24845321476459503]",0.7934782608695652,0.23,0.20652173913043478,1,0.3,1,0.75,0.4,1,0,0.20000000298023224,1,0.7666666507720947,1,-0.05,92,44
3,78,2,"[0.2191881686449051, 0.5323355793952942, 0.24847622215747833]",0.7934782608695652,0.22,0.20652173913043478,1,0.2,1,0.6521739130434783,0.4,1,0,0.20000000298023224,1,0.7666666507720947,1,-0.05,92,44
3,79,1,"[0.21919770538806915, 0.5322324633598328, 0.24856990575790405]",0.7934782608695652,0.21,0.20652173913043478,1,0.1,1,0.4673913043478261,0.2,1,0,0.20000000298023224,1,0.7666666507720947,1,0.09,92,44
3,80,1,"[0.21951057016849518, 0.5333727598190308, 0.24711671471595764]",1.0,0.2,0.0,0,0.0,0,1.173913043478261,0.7,1,0,0.20000000298023224,1,0.7666666507720947,1,-0.1,92,44
3,81,1,"[0.21936509013175964, 0.5333949327468872, 0.24723996222019196]",1.0,0.19,0.0,0,0.0,0,1.6521739130434783,0.9,1,0,0.20000000298023224,1,0.7666666507720947,1,-0.1,92,44
3,82,1,"[0.2194766253232956, 0.5331604480743408, 0.24736295640468597]",1.0,0.18,0.0,0,0.0,0,1.3043478260869565,0.3,1,0,0.20000000298023224,1,0.7666666507720947,1,-0.1,92,44
3,83,2,"[0.2191540151834488, 0.533064603805542, 0.24778145551681519]",1.0,0.17,0.0,0,0.0,0,2.141304347826087,0.5,1,0,0.20000000298023224,1,0.7666666507720947,1,-0.05,92,44
3,84,1,"[0.2193320244550705, 0.5332003831863403, 0.2474675327539444]",1.0,0.16,0.0,0,0.0,0,1.684782608695652,0.6,1,0,0.20000000298023224,1,0.7666666507720947,1,-0.1,92,44
3,85,2,"[0.21971134841442108, 0.5332900285720825, 0.2469986230134964]",1.0,0.15,0.0,0,0.0,0,0.6521739130434783,0.2,1,0,0.20000000298023224,1,0.7666666507720947,1,-0.05,92,44
3,86,1,"[0.21983613073825836, 0.5336437821388245, 0.2465200424194336]",1.0,0.14,0.0,0,0.0,0,0.2826086956521739,0.6,1,0,0.20000000298023224,1,0.7666666507720947,1,-0.1,92,44
3,87,1,"[0.2195211499929428, 0.5333993434906006, 0.2470794916152954]",1.0,0.13,0.0,0,0.0,0,1.25,0.9,1,0,0.20000000298023224,1,0.7666666507720947,1,-0.1,92,44
3,88,1,"[0.21982738375663757, 0.5336166024208069, 0.24655601382255554]",1.0,0.12,0.0,0,0.0,0,0.31521739130434784,0.6,1,0,0.20000000298023224,1,0.7666666507720947,1,-0.1,92,44
3,89,1,"[0.21934574842453003, 0.5329810976982117, 0.2476731240749359]",1.0,0.11,0.0,0,0.0,0,1.684782608695652,0.3,1,0,0.20000000298023224,1,0.7666666507720947,1,-0.1,92,44
3,90,1,"[0.21976637840270996, 0.5333183407783508, 0.24691526591777802]",1.0,0.1,0.0,0,0.0,0,0.4673913043478261,0.2,1,0,0.20000000298023224,1,0.7666666507720947,1,-0.1,92,44
3,91,2,"[0.21987123787403107, 0.5337992310523987, 0.24632950127124786]",1.0,0.09,0.0,0,0.0,0,0.31521739130434784,1.0,1,0,0.20000000298023224,1,0.7666666507720947,1,-0.05,92,44
3,92,0,"[0.21988734602928162, 0.5338149666786194, 0.2462977021932602]",1.0,0.08,0.0,0,0.0,0,0.30434782608695654,1.0,1,0,0.20000000298023224,1,0.7666666507720947,1,0.0,92,44
3,93,1,"[0.21932362020015717, 0.5324016213417053, 0.2482747733592987]",0.6956521739130435,0.07,0.30434782608695654,1,0.9,1,0.3695652173913043,0.7,1,0,0.20000000298023224,1,0.7666666507720947,1,-0.1,92,44
3,94,1,"[0.219322070479393, 0.5325047373771667, 0.24817313253879547]",0.6956521739130435,0.06,0.30434782608695654,1,0.8,1,0.16304347826086957,0.9,1,0,0.20000000298023224,1,0.7666666507720947,1,-0.1,92,44
3,95,0,"[0.2187841534614563, 0.5315621495246887, 0.24965371191501617]",0.6956521739130435,0.05,0.30434782608695654,1,0.7,1,1.7282608695652173,0.7,1,0,0.20000000298023224,1,0.7666666507720947,1,-0.1,92,44
3,96,1,"[0.21893176436424255, 0.5316768884658813, 0.2493913620710373]",0.6956521739130435,0.04,0.30434782608695654,1,0.6,1,1.1630434782608696,0.3,0,0,0.20000000298023224,1,0.7666666507720947,1,-0.1,92,44
3,97,1,"[0.21854709088802338, 0.5311999917030334, 0.250252902507782]",0.6956521739130435,0.03,0.30434782608695654,1,0.5,1,2.010869565217391,0.3,0,0,0.20000000298023224,1,0.7666666507720947,1,-0.1,92,44
3,98,2,"[0.21893154084682465, 0.5317584872245789, 0.24931000173091888]",0.6956521739130435,0.02,0.30434782608695654,1,0.4,1,0.8804347826086957,0.5,0,0,0.20000000298023224,1,0.7666666507720947,1,-0.05,92,44
3,99,0,"[0.2189096212387085, 0.5316904783248901, 0.24939988553524017]",0.6956521739130435,0.01,0.30434782608695654,1,0.3,1,0.8478260869565217,0.5,0,0,0.20000000298023224,1,0.7666666507720947,1,-0.1,92,44
4,0,0,"[0.29784291982650757, 0.20463839173316956, 0.4975186884403229]",1.0,1.0,0.0,0,0.0,0,0.6086956521739131,1.0,0,0,0.20000000298023224,1,0.7666666507720947,1,0.0,92,44
4,1,0,"[0.2174016833305359, 0.5185311436653137, 0.26406723260879517]",0.391304347826087,0.99,0.6086956521739131,1,0.9,1,2.097826086956522,0.2,1,0,0.20000000298023224,1,0.7666666507720947,1,-0.1,92,44
4,2,1,"[0.21794191002845764, 0.5316140651702881, 0.25044405460357666]",0.391304347826087,0.98,0.6086956521739131,1,0.8,1,0.532608695652174,1.0,0,0,0.20000000298023224,1,0.7666666507720947,1,0.0,92,44
4,3,2,"[0.21762767434120178, 0.5311528444290161, 0.2512194514274597]",0.391304347826087,0.97,0.6086956521739131,1,0.7,1,1.2934782608695652,0.3,0,1,0.20000000298023224,1,0.7666666507720947,1,-0.05,92,44
4,4,0,"[0.21722741425037384, 0.5310953259468079, 0.2516772150993347]",0.391304347826087,0.96,0.6086956521739131,1,0.6,1,2.152173913043478,0.9,0,1,0.20000000298023224,1,0.7666666507720947,1,-0.1,92,44
4,5,1,"[0.21776388585567474, 0.5312572121620178, 0.25097882747650146]",0.391304347826087,0.95,0.6086956521739131,1,0.5,1,0.7391304347826086,0.5,0,1,0.20000000298023224,1,0.7666666507720947,1,0.0,92,44
4,6,2,"[0.21772438287734985, 0.5310226082801819, 0.2512529790401459]",0.391304347826087,0.94,0.6086956521739131,1,0.4,1,0.6956521739130435,0.3,0,1,0.20000000298023224,1,0.7666666507720947,1,-0.05,92,44
4,7,2,"[0.21792510151863098, 0.531302809715271, 0.2507721185684204]",0.391304347826087,0.93,0.6086956521739131,1,0.3,1,0.05434782608695652,0.7,0,1,0.20000000298023224,1,0.7666666507720947,1,-0.05,92,44
4,8,0,"[0.21716542541980743, 0.5306786298751831, 0.2521559000015259]",0.391304347826087,0.92,0.6086956521739131,1,0.2,1,1.7826086956521738,0.5,0,1,0.20000000298023224,1,0.7666666507720947,1,-0.1,92,44
4,9,1,"[0.21732579171657562, 0.5309263467788696, 0.25174784660339355]",0.391304347826087,0.91,0.6086956521739131,1,0.1,1,1.2282608695652173,0.8,0,1,0.20000000298023224,1,0.7666666507720947,1,1.115,92,44
4,10,2,"[0.21937189996242523, 0.5343115329742432, 0.24631652235984802]",1.0,0.9,0.0,0,0.0,0,0.967391304347826,0.7,0,0,0.20000000298023224,1,0.7666666507720947,1,-0.05,92,44
4,11,1,"[0.2189675271511078, 0.5339834094047546, 0.24704907834529877]",1.0,0.89,0.0,0,0.0,0,2.152173913043478,0.5,0,0,0.20000000298023224,1,0.7666666507720947,1,0.34,92,44
4,12,1,"[0.21950355172157288, 0.5343049764633179, 0.24619154632091522]",1.0,0.88,0.0,0,0.0,0,0.8260869565217391,0.5,0,0,0.20000000298023224,1,0.7666666507720947,1,0.0,92,44
4,13,1,"[0.2192174345254898, 0.5340918302536011, 0.24669069051742554]",1.0,0.87,0.0,0,0.0,0,1.076086956521739,0.1,0,1,0.20000000298023224,1,0.7666666507720947,1,-0.1,92,44
4,14,0,"[0.21902616322040558, 0.5340150594711304, 0.24695876240730286]",1.0,0.86,0.0,0,0.0,0,2.010869565217391,0.6,0,0,0.20000000298023224,1,0.7666666507720947,1,-0.1,92,44
4,15,0,"[0.21941077709197998, 0.5340589284896851, 0.24653035402297974]",1.0,0.85,0.0,0,0.0,0,1.0869565217391304,0.2,0,0,0.20000000298023224,1,0.7666666507720947,1,-0.1,92,44
4,16,1,"[0.21954062581062317, 0.5341289639472961, 0.2463303953409195]",1.0,0.84,0.0,0,0.0,0,0.7282608695652174,0.2,0,0,0.20000000298023224,1,0.7666666507720947,1,0.635,92,44
4,17,1,"[0.21958082914352417, 0.5340982675552368, 0.2463209331035614]",1.0,0.83,0.0,0,0.0,0,0.5978260869565217,0.1,0,0,0.20000000298023224,1,0.7666666507720947,1,0.545,92,44
4,18,2,"[0.21936343610286713, 0.5344656705856323, 0.24617092311382294]",1.0,0.82,0.0,0,0.0,0,0.8152173913043478,0.8,0,1,0.20000000298023224,1,0.7666666507720947,1,-0.05,92,44
4,19,0,"[0.2195328176021576, 0.5342289805412292, 0.24623815715312958]",1.0,0.81,0.0,0,0.0,0,0.17391304347826086,0.2,0,1,0.20000000298023224,1,0.7666666507720947,1,0.0,92,44
4,20,1,"[0.21923348307609558, 0.5334401726722717, 0.2473263442516327]",0.8260869565217391,0.8,0.17391304347826086,1,0.1,1,0.33695652173913043,0.3,1,1,0.20000000298023224,1,0.7666666507720947,1,0.06,92,44
4,21,0,"[0.2195856124162674, 0.5340191721916199, 0.2463952898979187]",1.0,0.79,0.0,0,0.0,0,0.5108695652173914,0.3,1,0,0.20000000298023224,1,0.7666666507720947,1,0.0,92,44
4,22,1,"[0.218091681599617, 0.5309652090072632, 0.25094306468963623]",0.4891304347826087,0.78,0.5108695652173914,1,0.2,1,0.9239130434782609,0.2,1,0,0.20000000298023224,1,0.7666666507720947,1,0.0,92,44
4,23,2,"[0.21769259870052338, 0.5312357544898987, 0.25107160210609436]",0.4891304347826087,0.77,0.5108695652173914,1,0.1,1,1.6304347826086956,1.0,1,1,0.20000000298023224,1,0.7666666507720947,1,1.26,92,44
4,24,2,"[0.21952879428863525, 0.5341808199882507, 0.24629047513008118]",1.0,0.76,0.0,0,0.0,0,0.5760869565217391,0.4,1,1,0.20000000298023224,1,0.7666666507720947,1,-0.05,92,44
4,25,0,"[0.21927256882190704, 0.533880889415741, 0.2468464970588684]",1.0,0.75,0.0,0,0.0,0,1.4891304347826086,0.1,1,1,0.20000000298023224,1,0.7666666507720947,1,-0.1,92,44
4,26,2,"[0.2189016342163086, 0.5338091254234314, 0.24728919565677643]",1.0,0.74,0.0,0,0.0,0,1.934782608695652,0.3,0,1,0.20000000298023224,1,0.7666666507720947,1,-0.05,92,44
4,27,0,"[0.21894653141498566, 0.5341347455978394, 0.24691875278949738]",1.0,0.73,0.0,0,0.0,0,1.891304347826087,0.9,0,1,0.20000000298023224,1,0.7666666507720947,1,-0.1,92,44
4,28,1,"[0.21930450201034546, 0.5344066619873047, 0.24628879129886627]",1.0,0.72,0.0,0,0.0,0,0.9782608695652174,1.0,0,1,0.20000000298023224,1,0.7666666507720947,1,-0.1,92,44
4,29,2,"[0.21972040832042694, 0.5343628525733948, 0.24591666460037231]",1.0,0.71,0.0,0,0.0,0,0.2391304347826087,0.7,0,0,0.20000000298023224,1,0.7666666507720947,1,-0.05,92,44
4,30,1,"[0.21942585706710815, 0.5339977741241455, 0.2465764433145523]",1.0,0.7,0.0,0,0.0,0,1.2065217391304348,0.5,0,0,0.20000000298023224,1,0.7666666507720947,1,0.0,92,44
4,31,1,"[0.21920743584632874, 0.5341542363166809, 0.24663831293582916]",1.0,0.69,0.0,0,0.0,0,1.2826086956521738,0.7,0,1,0.20000000298023224,1,0.7666666507720947,1,-0.1,92,44
4,32,2,"[0.2197224646806717, 0.5343708992004395, 0.24590665102005005]",1.0,0.68,0.0,0,0.0,0,0.22826086956521738,0.8,0,0,0.20000000298023224,1,0.7666666507720947,1,-0.05,92,44
4,33,1,"[0.2196156084537506, 0.5343152284622192, 0.24606913328170776]",1.0,0.67,0.0,0,0.0,0,0.8043478260869565,0.9,0,0,0.20000000298023224,1,0.7666666507720947,1,-0.1,92,44
4,34,0,"[0.21980725228786469, 0.5342734456062317, 0.24591928720474243]",1.0,0.66,0.0,0,0.0,0,0.010869565217391304,0.5,0,0,0.20000000298023224,1,0.7666666507720947,1,1.085,92,44
4,35,1,"[0.21965430676937103, 0.5341225266456604, 0.24622313678264618]",0.9891304347826086,0.65,0.010869565217391304,1,0.4,1,1.0,0.5,1,0,0.20000000298023224,1,0.7666666507720947,1,0.0,92,44
4,36,0,"[0.2198789119720459, 0.5342457294464111, 0.2458752989768982]",0.9891304347826086,0.64,0.010869565217391304,1,0.3,1,0.03260869565217391,0.1,1,1,0.20000000298023224,1,0.7666666507720947,1,0.03,92,44
4,37,1,"[0.21982230246067047, 0.53426593542099, 0.24591177701950073]",0.9891304347826086,0.63,0.010869565217391304,1,0.2,1,0.09782608695652174,0.3,1,1,0.20000000298023224,1,0.7666666507720947,1,0.0,92,44
4,38,2,"[0.21953320503234863, 0.5338844656944275, 0.24658234417438507]",0.9891304347826086,0.62,0.010869565217391304,1,0.1,1,0.8804347826086957,0.1,1,1,0.20000000298023224,1,0.7666666507720947,1,-0.04,92,44
4,39,1,"[0.2194945365190506, 0.534191370010376, 0.246314138174057]",1.0,0.61,0.0,0,0.0,0,1.108695652173913,0.8,1,1,0.20000000298023224,1,0.7666666507720947,1,0.87,92,44
4,40,1,"[0.21951909363269806, 0.5337236523628235, 0.24675725400447845]",1.0,0.6,0.0,0,0.0,0,1.0543478260869565,0.2,1,0,0.20000000298023224,1,0.7666666507720947,1,0.0,92,44
4,41,0,"[0.21944303810596466, 0.5341744422912598, 0.246382474899292]",1.0,0.59,0.0,0,0.0,0,1.3369565217391304,0.9,1,1,0.20000000298023224,1,0.7666666507720947,1,0.86,92,44
4,42,1,"[0.2194395661354065, 0.5341208577156067, 0.24643954634666443]",1.0,0.58,0.0,0,0.0,0,0.717391304347826,0.6,0,1,0.20000000298023224,1,0.7666666507720947,1,-0.1,92,44
4,43,2,"[0.21923279762268066, 0.5336018204689026, 0.24716533720493317]",1.0,0.57,0.0,0,0.0,0,1.6630434782608696,0.3,0,0,0.20000000298023224,1,0.7666666507720947,1,-0.05,92,44
4,44,1,"[0.21972405910491943, 0.5342639684677124, 0.24601197242736816]",1.0,0.56,0.0,0,0.0,0,0.358695652173913,0.9,0,0,0.20000000298023224,1,0.7666666507720947,1,-0.1,92,44
4,45,0,"[0.21976789832115173, 0.534238874912262, 0.2459932267665863]",1.0,0.55,0.0,0,0.0,0,0.30434782608695654,0.8,0,0,0.20000000298023224,1,0.7666666507720947,1,0.0,92,44
4,46,0,"[0.2191358208656311, 0.5327314138412476, 0.24813272058963776]",0.6956521739130435,0.54,0.30434782608695654,1,0.7,1,0.5869565217391305,0.7,1,0,0.20000000298023224,1,0.7666666507720947,1,0.0,92,44
4,47,1,"[0.21731634438037872, 0.5296498537063599, 0.2530338168144226]",0.10869565217391304,0.53,0.891304347826087,2,1.2,2,1.1304347826086956,0.3,1,0,0.20000000298023224,1,0.7666666507720947,1,0.0,92,44
4,48,2,"[0.21752430498600006, 0.5297883152961731, 0.2526874542236328]",0.10869565217391304,0.52,0.891304347826087,2,1.0,2,0.05434782608695652,0.5,1,1,0.20000000298023224,1,0.7666666507720947,1,-0.05,92,44
4,49,0,"[0.2172858566045761, 0.5294728875160217, 0.25324133038520813]",0.10869565217391304,0.51,0.891304347826087,2,0.8,2,0.7608695652173914,0.2,1,1,0.20000000298023224,1,0.7666666507720947,1,0.925,92,44
4,50,2,"[0.21729539334774017, 0.5299627780914307, 0.25274184346199036]",0.10869565217391304,0.5,0.891304347826087,2,0.6,2,0.5108695652173914,0.8,0,1,0.20000000298023224,1,0.7666666507720947,1,-0.05,92,44
4,51,1,"[0.21693900227546692, 0.5296471118927002, 0.2534138560295105]",0.10869565217391304,0.49,0.891304347826087,2,0.4,2,1.0978260869565217,0.6,0,1,0.20000000298023224,1,0.7666666507720947,1,-0.1,92,44
4,52,2,"[0.216750368475914, 0.5293471217155457, 0.25390252470970154]",0.10869565217391304,0.48,0.891304347826087,2,0.2,2,1.9891304347826086,0.9,0,0,0.20000000298023224,1,0.7666666507720947,1,0.77,92,44
4,53,1,"[0.21967191994190216, 0.5340454578399658, 0.2462826520204544]",1.0,0.47,0.0,0,0.0,0,0.043478260869565216,0.8,0,0,0.20000000298023224,1,0.7666666507720947,1,-0.1,92,44
4,54,1,"[0.21953991055488586, 0.5339189171791077, 0.24654124677181244]",1.0,0.46,0.0,0,0.0,0,1.0326086956521738,0.8,0,0,0.20000000298023224,1,0.7666666507720947,1,0.0,92,44
4,55,1,"[0.21893465518951416, 0.5334647297859192, 0.24760061502456665]",1.0,0.45,0.0,0,0.0,0,2.0217391304347827,0.3,0,1,0.20000000298023224,1,0.7666666507720947,1,-0.1,92,44
4,56,0,"[0.21926350891590118, 0.5334327816963196, 0.24730375409126282]",1.0,0.44,0.0,0,0.0,0,1.5543478260869565,0.3,0,0,0.20000000298023224,1,0.7666666507720947,1,-0.1,92,44
4,57,1,"[0.21958309412002563, 0.5336280465126038, 0.246788889169693]",1.0,0.43,0.0,0,0.0,0,0.6630434782608695,0.2,0,0,0.20000000298023224,1,0.7666666507720947,1,0.0,92,44
4,58,2,"[0.21931453049182892, 0.533947229385376, 0.24673829972743988]",1.0,0.42,0.0,0,0.0,0,1.0978260869565217,0.9,0,1,0.20000000298023224,1,0.7666666507720947,1,0.55,92,44
4,59,0,"[0.21905390918254852, 0.5334081649780273, 0.24753797054290771]",1.0,0.41,0.0,0,0.0,0,1.6195652173913044,0.2,0,1,0.20000000298023224,1,0.7666666507720947,1,-0.1,92,44
4,60,1,"[0.21913038194179535, 0.53366619348526, 0.24720342457294464]",1.0,0.4,0.0,0,0.0,0,1.4673913043478262,0.6,0,1,0.20000000298023224,1,0.7666666507720947,1,-0.1,92,44
4,61,2,"[0.21922102570533752, 0.5334371328353882, 0.2473418116569519]",1.0,0.39,0.0,0,0.0,0,1.6956521739130435,0.5,0,0,0.20000000298023224,1,0.7666666507720947,1,0.86,92,44
4,62,0,"[0.21938927471637726, 0.5335270762443542, 0.2470836043357849]",1.0,0.38,0.0,0,0.0,0,1.2934782608695652,0.5,0,0,0.20000000298023224,1,0.7666666507720947,1,-0.1,92,44
4,63,2,"[0.21918995678424835, 0.53318190574646, 0.2476281225681305]",1.0,0.37,0.0,0,0.0,0,1.815217391304348,0.1,0,0,0.20000000298023224,1,0.7666666507720947,1,-0.05,92,44
4,64,1,"[0.21939103305339813, 0.5337163209915161, 0.24689273536205292]",1.0,0.36,0.0,0,0.0,0,1.423913043478261,0.9,0,0,0.20000000298023224,1,0.7666666507720947,1,-0.1,92,44
4,65,2,"[0.21933698654174805, 0.5333939790725708, 0.24726901948451996]",1.0,0.35,0.0,0,0.0,0,1.4565217391304348,0.4,0,0,0.20000000298023224,1,0.7666666507720947,1,-0.05,92,44
4,66,0,"[0.2196905016899109, 0.5338646769523621, 0.24644476175308228]",1.0,0.34,0.0,0,0.0,0,0.5434782608695652,0.7,0,0,0.20000000298023224,1,0.7666666507720947,1,0.0,92,44
4,67,2,"[0.21781553328037262, 0.5302169322967529, 0.25196751952171326]",0.45652173913043476,0.33,0.5434782608695652,1,0.6,1,2.0434782608695654,0.8,1,0,0.20000000298023224,1,0.7666666507720947,1,-0.05,92,44
4,68,2,"[0.21813872456550598, 0.5304922461509705, 0.25136899948120117]",0.45652173913043476,0.32,0.5434782608695652,1,0.5,1,0.9891304347826086,0.8,1,0,0.20000000298023224,1,0.7666666507720947,1,-0.05,92,44
4,69,0,"[0.2182885706424713, 0.5307887196540833, 0.25092270970344543]",0.45652173913043476,0.31,0.5434782608695652,1,0.4,1,0.5,1.0,1,0,0.20000000298023224,1,0.7666666507720947,1,-0.1,92,44
4,70,1,"[0.21780508756637573, 0.5297942757606506, 0.25240060687065125]",0.45652173913043476,0.3,0.5434782608695652,1,0.3,1,1.6956521739130435,0.1,0,0,0.20000000298023224,1,0.7666666507720947,1,-0.1,92,44
4,71,2,"[0.21792611479759216, 0.5299111008644104, 0.25216278433799744]",0.45652173913043476,0.29,0.5434782608695652,1,0.2,1,1.1195652173913044,0.1,0,0,0.20000000298023224,1,0.7666666507720947,1,-0.05,92,44
4,72,1,"[0.2177184373140335, 0.5300912857055664, 0.2521902918815613]",0.45652173913043476,0.28,0.5434782608695652,1,0.1,1,1.6956521739130435,0.8,0,0,0.20000000298023224,1,0.7666666507720947,1,0.4,92,44
4,73,1,"[0.21910209953784943, 0.5329880714416504, 0.2479097694158554]",1.0,0.27,0.0,0,0.0,0,1.8695652173913044,0.2,0,0,0.20000000298023224,1,0.7666666507720947,1,-0.1,92,44
4,74,2,"[0.21914243698120117, 0.5331495404243469, 0.24770796298980713]",1.0,0.26,0.0,0,0.0,0,1.891304347826087,0.4,0,0,0.20000000298023224,1,0.7666666507720947,1,-0.05,92,44
4,75,1,"[0.2192223221063614, 0.533184289932251, 0.24759338796138763]",1.0,0.25,0.0,0,0.0,0,1.7173913043478262,0.4,0,0,0.20000000298023224,1,0.7666666507720947,1,-0.1,92,44
4,76,1,"[0.2193830907344818, 0.5332249999046326, 0.247391939163208]",1.0,0.24,0.0,0,0.0,0,1.2608695652173914,0.3,0,0,0.20000000298023224,1,0.7666666507720947,1,-0.1,92,44
4,77,2,"[0.21923677623271942, 0.5331082940101624, 0.24765491485595703]",1.0,0.23,0.0,0,0.0,0,1.6956521739130435,0.3,0,0,0.20000000298023224,1,0.7666666507720947,1,-0.05,92,44
4,78,1,"[0.21972304582595825, 0.5338025093078613, 0.2464744746685028]",1.0,0.22,0.0,0,0.0,0,0.45652173913043476,0.8,0,0,0.20000000298023224,1,0.7666666507720947,1,-0.1,92,44
4,79,1,"[0.21915380656719208, 0.5329318642616272, 0.24791428446769714]",1.0,0.21,0.0,0,0.0,0,1.9456521739130435,0.1,0,0,0.20000000298023224,1,0.7666666507720947,1,-0.1,92,44
4,80,0,"[0.21943160891532898, 0.5335907936096191, 0.2469775676727295]",1.0,0.2,0.0,0,0.0,0,1.358695652173913,1.0,0,0,0.20000000298023224,1,0.7666666507720947,1,-0.1,92,44
4,81,0,"[0.21910437941551208, 0.5330946445465088, 0.24780096113681793]",1.0,0.19,0.0,0,0.0,0,2.0217391304347827,0.5,0,0,0.20000000298023224,1,0.7666666507720947,1,-0.1,92,44
4,82,1,"[0.2194490283727646, 0.5334842205047607, 0.24706685543060303]",1.0,0.18,0.0,0,0.0,0,1.2391304347826086,0.8,0,0,0.20000000298023224,1,0.7666666507720947,1,-0.1,92,44
4,83,1,"[0.21975795924663544, 0.53382408618927, 0.24641793966293335]",1.0,0.17,0.0,0,0.0,0,0.42391304347826086,0.9,0,0,0.20000000298023224,1,0.7666666507720947,1,0.0,92,44
4,84,1,"[0.2195812314748764, 0.5336864590644836, 0.24673226475715637]",1.0,0.16,0.0,0,0.0,0,0.29347826086956524,0.6,0,1,0.20000000298023224,1,0.7666666507720947,1,0.0,92,44
4,85,1,"[0.2191837877035141, 0.5333651900291443, 0.24745096266269684]",1.0,0.15,0.0,0,0.0,0,1.423913043478261,0.6,0,1,0.20000000298023224,1,0.7666666507720947,1,-0.1,92,44
4,86,0,"[0.21942083537578583, 0.5334608554840088, 0.24711835384368896]",1.0,0.14,0.0,0,0.0,0,1.3478260869565217,0.9,0,0,0.20000000298023224,1,0.7666666507720947,1,-0.1,92,44
4,87,2,"[0.21947981417179108, 0.5335409045219421, 0.2469792366027832]",1.0,0.13,0.0,0,0.0,0,1.2717391304347827,1.0,0,0,0.20000000298023224,1,0.7666666507720947,1,-0.05,92,44
4,88,2,"[0.2195553183555603, 0.5335977077484131, 0.2468469738960266]",1.0,0.12,0.0,0,0.0,0,1.076086956521739,1.0,0,0,0.20000000298023224,1,0.7666666507720947,1,-0.05,92,44
4,89,1,"[0.2191298007965088, 0.5330474376678467, 0.24782276153564453]",1.0,0.11,0.0,0,0.0,0,1.9673913043478262,0.6,0,0,0.20000000298023224,1,0.7666666507720947,1,0.14,92,44
4,90,1,"[0.21937240660190582, 0.5333142876625061, 0.2473132312297821]",1.0,0.1,0.0,0,0.0,0,1.434782608695652,0.8,0,0,0.20000000298023224,1,0.7666666507720947,1,-0.1,92,44
4,91,1,"[0.2193836122751236, 0.53302401304245, 0.24759240448474884]",1.0,0.09,0.0,0,0.0,0,1.2608695652173914,0.3,0,0,0.20000000298023224,1,0.7666666507720947,1,0.245,92,44
4,92,1,"[0.21957731246948242, 0.5335577726364136, 0.2468649446964264]",1.0,0.08,0.0,0,0.0,0,0.9782608695652174,1.0,0,0,0.20000000298023224,1,0.7666666507720947,1,-0.1,92,44
4,93,1,"[0.21906933188438416, 0.5328533053398132, 0.248077392578125]",1.0,0.07,0.0,0,0.0,0,2.097826086956522,0.4,0,0,0.20000000298023224,1,0.7666666507720947,1,-0.1,92,44
4,94,0,"[0.21948803961277008, 0.5330712199211121, 0.24744075536727905]",1.0,0.06,0.0,0,0.0,0,0.8478260869565217,0.2,0,0,0.20000000298023224,1,0.7666666507720947,1,0.0,92,44
4,95,1,"[0.2172217220067978, 0.527566134929657, 0.25521212816238403]",0.15217391304347827,0.05,0.8478260869565217,1,0.1,1,0.6739130434782609,0.3,1,0,0.20000000298023224,1,0.7666666507720947,1,0.68,92,44
4,96,2,"[0.21914589405059814, 0.5330178737640381, 0.24783621728420258]",1.0,0.04,0.0,0,0.0,0,2.010869565217391,1.0,1,0,0.20000000298023224,1,0.7666666507720947,1,-0.05,92,44
4,97,2,"[0.21941347420215607, 0.532867431640625, 0.24771912395954132]",1.0,0.03,0.0,0,0.0,0,1.4565217391304348,0.2,1,0,0.20000000298023224,1,0.7666666507720947,1,-0.05,92,44
4,98,1,"[0.21916402876377106, 0.5328608155250549, 0.2479752153158188]",1.0,0.02,0.0,0,0.0,0,2.108695652173913,0.5,1,0,0.20000000298023224,1,0.7666666507720947,1,-0.1,92,44
4,99,1,"[0.2195688635110855, 0.533194899559021, 0.24723629653453827]",1.0,0.01,0.0,0,0.0,0,1.141304347826087,0.7,1,0,0.20000000298023224,1,0.7666666507720947,1,-0.1,92,44
5,0,0,"[0.3249012231826782, 0.1824757158756256, 0.49262306094169617]",1.0,1.0,0.0,0,0.0,0,0.05434782608695652,0.1,0,0,0.20000000298023224,1,0.7666666507720947,1,0.05,92,44
5,1,0,"[0.2213277816772461, 0.5112701654434204, 0.2674019932746887]",1.0,0.99,0.0,0,0.0,0,0.021739130434782608,0.3,1,0,0.20000000298023224,1,0.7666666507720947,1,0.0,92,44
5,2,1,"[0.2192104160785675, 0.5339514017105103, 0.24683822691440582]",0.9782608695652174,0.98,0.021739130434782608,1,0.2,1,0.6739130434782609,0.9,1,0,0.20000000298023224,1,0.7666666507720947,1,0.0,92,44
5,3,1,"[0.21930494904518127, 0.5345375537872314, 0.2461574524641037]",0.9782608695652174,0.97,0.021739130434782608,1,0.1,1,1.4130434782608696,0.9,1,1,0.20000000298023224,1,0.7666666507720947,1,-0.08,92,44
5,4,0,"[0.2191363275051117, 0.5340651869773865, 0.24679847061634064]",1.0,0.96,0.0,0,0.0,0,1.9673913043478262,0.4,1,0,0.20000000298023224,1,0.7666666507720947,1,-0.1,92,44
5,5,1,"[0.219384104013443, 0.5344043374061584, 0.24621154367923737]",1.0,0.95,0.0,0,0.0,0,1.2282608695652173,0.7,0,0,0.20000000298023224,1,0.7666666507720947,1,-0.1,92,44
5,6,1,"[0.21957308053970337, 0.5344734191894531, 0.2459535151720047]",1.0,0.94,0.0,0,0.0,0,0.6195652173913043,0.6,0,0,0.20000000298023224,1,0.7666666507720947,1,0.0,92,44
5,7,1,"[0.21908099949359894, 0.5341864228248596, 0.24673263728618622]",1.0,0.93,0.0,0,0.0,0,1.4456521739130435,0.3,0,1,0.20000000298023224,1,0.7666666507720947,1,-0.1,92,44
5,8,1,"[0.21969793736934662, 0.534542441368103, 0.24575959146022797]",1.0,0.92,0.0,0,0.0,0,0.06521739130434782,0.6,0,0,0.20000000298023224,1,0.7666666507720947,1,0.0,92,44
5,9,2,"[0.2189827561378479, 0.5342857241630554, 0.24673153460025787]",1.0,0.91,0.0,0,0.0,0,1.7717391304347827,0.7,0,1,0.20000000298023224,1,0.7666666507720947,1,-0.05,92,44
5,10,0,"[0.21890877187252045, 0.5343235731124878, 0.24676759541034698]",1.0,0.9,0.0,0,0.0,0,1.934782608695652,0.9,0,1,0.20000000298023224,1,0.7666666507720947,1,0.47500000000000003,92,44
5,11,1,"[0.218980610370636, 0.5340784788131714, 0.24694094061851501]",1.0,0.89,0.0,0,0.0,0,1.6304347826086956,0.3,0,1,0.20000000298023224,1,0.7666666507720947,1,0.54,92,44
5,12,2,"[0.21956117451190948, 0.534593939781189, 0.24584482610225677]",1.0,0.88,0.0,0,0.0,0,0.010869565217391304,0.8,0,1,0.20000000298023224,1,0.7666666507720947,1,-0.05,92,44
5,13,2,"[0.21941936016082764, 0.5342207551002502, 0.2463598996400833]",1.0,0.87,0.0,0,0.0,0,0.5217391304347826,0.1,0,1,0.20000000298023224,1,0.7666666507720947,1,1.465,92,44
5,14,1,"[0.2192639410495758, 0.5341099500656128, 0.2466261237859726]",1.0,0.86,0.0,0,0.0,0,0.9130434782608695,0.1,0,1,0.20000000298023224,1,0.7666666507720947,1,0.835,92,44
5,15,1,"[0.21903115510940552, 0.5339400768280029, 0.24702872335910797]",1.0,0.85,0.0,0,0.0,0,1.5217391304347827,0.1,0,1,0.20000000298023224,1,0.7666666507720947,1,-0.1,92,44
5,16,0,"[0.21932387351989746, 0.5341666340827942, 0.24650947749614716]",1.0,0.84,0.0,0,0.0,0,1.3369565217391304,0.6,0,0,0.20000000298023224,1,0.7666666507720947,1,-0.1,92,44
5,17,1,"[0.21951760351657867, 0.5341526865959167, 0.2463296800851822]",1.0,0.83,0.0,0,0.0,0,0.8260869565217391,0.3,0,0,0.20000000298023224,1,0.7666666507720947,1,0.0,92,44
5,18,1,"[0.21946927905082703, 0.53462153673172, 0.24590915441513062]",1.0,0.82,0.0,0,0.0,0,0.5217391304347826,1.0,0,1,0.20000000298023224,1,0.7666666507720947,1,0.0,92,44
5,19,2,"[0.2190418392419815, 0.5342076420783997, 0.24675044417381287]",1.0,0.81,0.0,0,0.0,0,1.641304347826087,0.7,0,1,0.20000000298023224,1,0.7666666507720947,1,0.6950000000000001,92,44
5,20,1,"[0.21925488114356995, 0.5342922210693359, 0.2464529275894165]",1.0,0.8,0.0,0,0.0,0,1.0217391304347827,0.6,0,1,0.20000000298023224,1,0.7666666507720947,1,0.0,92,44
5,21,2,"[0.21895141899585724, 0.5340210795402527, 0.24702751636505127]",1.0,0.79,0.0,0,0.0,0,1.7934782608695652,0.5,0,1,0.20000000298023224,1,0.7666666507720947,1,-0.05,92,44
5,22,0,"[0.21952341496944427, 0.5341850519180298, 0.24629147350788116]",1.0,0.78,0.0,0,0.0,0,0.15217391304347827,0.2,0,1,0.20000000298023224,1,0.7666666507720947,1,0.0,92,44
5,23,1,"[0.21915826201438904, 0.5333364605903625, 0.24750524759292603]",0.8478260869565217,0.77,0.15217391304347827,1,0.1,1,0.8369565217391305,0.1,1,1,0.20000000298023224,1,0.7666666507720947,1,0.905,92,44
5,24,0,"[0.2195339798927307, 0.5344672799110413, 0.2459987998008728]",1.0,0.76,0.0,0,0.0,0,0.7934782608695652,1.0,1,1,0.20000000298023224,1,0.7666666507720947,1,0.0,92,44
5,25,1,"[0.21737833321094513, 0.5294783115386963, 0.2531433701515198]",0.20652173913043478,0.75,0.7934782608695652,1,0.9,1,1.184782608695652,0.3,1,1,0.20000000298023224,1,0.7666666507720947,1,0.91,92,44
5,26,1,"[0.21748368442058563, 0.5294358730316162, 0.25308045744895935]",0.20652173913043478,0.74,0.7934782608695652,1,0.8,1,0.31521739130434784,0.4,1,1,0.20000000298023224,1,0.7666666507720947,1,-0.1,92,44
5,27,2,"[0.2171391248703003, 0.5290517210960388, 0.25380921363830566]",0.20652173913043478,0.73,0.7934782608695652,1,0.7,1,1.423913043478261,0.4,1,0,0.20000000298023224,1,0.7666666507720947,1,1.455,92,44
5,28,2,"[0.21692140400409698, 0.5290122628211975, 0.2540663182735443]",0.20652173913043478,0.72,0.7934782608695652,1,0.6,1,1.6521739130434783,0.7,1,0,0.20000000298023224,1,0.7666666507720947,1,-0.05,92,44
5,29,2,"[0.2166575789451599, 0.528914213180542, 0.2544282078742981]",0.20652173913043478,0.71,0.7934782608695652,1,0.5,1,2.0543478260869565,1.0,1,0,0.20000000298023224,1,0.7666666507720947,1,-0.05,92,44
5,30,1,"[0.2172495722770691, 0.528997540473938, 0.2537528872489929]",0.20652173913043478,0.7,0.7934782608695652,1,0.4,1,0.6630434782608695,0.3,1,0,0.20000000298023224,1,0.7666666507720947,1,0.0,92,44
5,31,0,"[0.2172398418188095, 0.5291382670402527, 0.253621906042099]",0.20652173913043478,0.69,0.7934782608695652,1,0.3,1,0.43478260869565216,0.5,1,1,0.20000000298023224,1,0.7666666507720947,1,-0.1,92,44
5,32,0,"[0.21645690500736237, 0.5286580920219421, 0.2548849582672119]",0.20652173913043478,0.68,0.7934782608695652,1,0.2,1,2.119565217391304,0.3,0,1,0.20000000298023224,1,0.7666666507720947,1,0.495,92,44
5,33,2,"[0.2164134830236435, 0.5287994146347046, 0.2547871470451355]",0.20652173913043478,0.67,0.7934782608695652,1,0.1,1,1.8369565217391304,0.6,0,1,0.20000000298023224,1,0.7666666507720947,1,0.68,92,44
5,34,1,"[0.21910719573497772, 0.5337908267974854, 0.2471020370721817]",1.0,0.66,0.0,0,0.0,0,1.0434782608695652,0.3,0,1,0.20000000298023224,1,0.7666666507720947,1,-0.1,92,44
5,35,1,"[0.21903061866760254, 0.5338712334632874, 0.2470981627702713]",1.0,0.65,0.0,0,0.0,0,2.0543478260869565,0.9,0,0,0.20000000298023224,1,0.7666666507720947,1,-0.1,92,44
5,36,2,"[0.2190522700548172, 0.5337424278259277, 0.24720525741577148]",1.0,0.64,0.0,0,0.0,0,2.0217391304347827,0.6,0,0,0.20000000298023224,1,0.7666666507720947,1,-0.05,92,44
5,37,1,"[0.21914248168468475, 0.5337735414505005, 0.24708400666713715]",1.0,0.63,0.0,0,0.0,0,1.826086956521739,0.6,0,0,0.20000000298023224,1,0.7666666507720947,1,-0.1,92,44
5,38,2,"[0.21951839327812195, 0.5337764620780945, 0.24670515954494476]",1.0,0.62,0.0,0,0.0,0,0.7934782608695652,0.1,0,0,0.20000000298023224,1,0.7666666507720947,1,-0.05,92,44
5,39,1,"[0.21939902007579803, 0.5337998270988464, 0.24680110812187195]",1.0,0.61,0.0,0,0.0,0,1.2282608695652173,0.4,0,0,0.20000000298023224,1,0.7666666507720947,1,0.0,92,44
5,40,2,"[0.21962307393550873, 0.5341302752494812, 0.24624671041965485]",1.0,0.6,0.0,0,0.0,0,0.043478260869565216,0.4,0,1,0.20000000298023224,1,0.7666666507720947,1,-0.05,92,44
5,41,2,"[0.218953937292099, 0.533902645111084, 0.2471434473991394]",1.0,0.59,0.0,0,0.0,0,1.9565217391304348,0.8,0,1,0.20000000298023224,1,0.7666666507720947,1,-0.05,92,44
5,42,1,"[0.21936404705047607, 0.5340254902839661, 0.24661050736904144]",1.0,0.58,0.0,0,0.0,0,0.8043478260869565,0.5,0,1,0.20000000298023224,1,0.7666666507720947,1,1.01,92,44
5,43,2,"[0.21904583275318146, 0.5336407423019409, 0.2473134994506836]",1.0,0.57,0.0,0,0.0,0,2.0652173913043477,0.6,0,0,0.20000000298023224,1,0.7666666507720947,1,-0.05,92,44
5,44,2,"[0.21964120864868164, 0.5339277386665344, 0.24643102288246155]",1.0,0.56,0.0,0,0.0,0,0.4673913043478261,0.3,0,0,0.20000000298023224,1,0.7666666507720947,1,-0.05,92,44
5,45,2,"[0.2197679728269577, 0.5342795848846436, 0.2459525167942047]",1.0,0.55,0.0,0,0.0,0,0.2608695652173913,0.9,0,0,0.20000000298023224,1,0.7666666507720947,1,-0.05,92,44
5,46,1,"[0.21961338818073273, 0.534138560295105, 0.24624812602996826]",1.0,0.54,0.0,0,0.0,0,0.8804347826086957,0.9,0,0,0.20000000298023224,1,0.7666666507720947,1,-0.1,92,44
5,47,1,"[0.21942409873008728, 0.5338733792304993, 0.24670255184173584]",1.0,0.53,0.0,0,0.0,0,1.2934782608695652,0.7,0,0,0.20000000298023224,1,0.7666666507720947,1,-0.1,92,44
5,48,2,"[0.21921569108963013, 0.5338175892829895, 0.2469666451215744]",1.0,0.52,0.0,0,0.0,0,1.7608695652173914,0.9,0,0,0.20000000298023224,1,0.7666666507720947,1,-0.05,92,44
5,49,1,"[0.21942150592803955, 0.5335479378700256, 0.24703052639961243]",1.0,0.51,0.0,0,0.0,0,1.1304347826086956,0.1,0,0,0.20000000298023224,1,0.7666666507720947,1,-0.1,92,44
5,50,0,"[0.21954472362995148, 0.5339310169219971, 0.24652425944805145]",1.0,0.5,0.0,0,0.0,0,0.9347826086956522,0.7,0,0,0.20000000298023224,1,0.7666666507720947,1,0.0,92,44
5,51,1,"[0.21705599129199982, 0.5279533863067627, 0.2549906075000763]",0.06521739130434782,0.49,0.9347826086956522,1,0.6,1,0.8586956521739131,0.3,1,0,0.20000000298023224,1,0.7666666507720947,1,-0.1,92,44
5,52,1,"[0.21641674637794495, 0.5275197625160217, 0.25606346130371094]",0.06521739130434782,0.48,0.9347826086956522,1,0.5,1,1.608695652173913,0.9,1,0,0.20000000298023224,1,0.7666666507720947,1,-0.1,92,44
5,53,1,"[0.2163049280643463, 0.5271874666213989, 0.25650766491889954]",0.06521739130434782,0.47,0.9347826086956522,1,0.4,1,1.7608695652173914,0.6,1,0,0.20000000298023224,1,0.7666666507720947,1,-0.1,92,44
5,54,2,"[0.21645347774028778, 0.5272870659828186, 0.25625941157341003]",0.06521739130434782,0.46,0.9347826086956522,1,0.3,1,1.326086956521739,0.6,1,0,0.20000000298023224,1,0.7666666507720947,1,-0.05,92,44
5,55,1,"[0.21661145985126495, 0.5275242924690247, 0.2558642327785492]",0.06521739130434782,0.45,0.9347826086956522,1,0.2,1,0.8586956521739131,0.8,1,0,0.20000000298023224,1,0.7666666507720947,1,-0.1,92,44
5,56,1,"[0.21624498069286346, 0.52668696641922, 0.2570679783821106]",0.06521739130434782,0.44,0.9347826086956522,1,0.1,1,1.8804347826086956,0.1,1,0,0.20000000298023224,1,0.7666666507720947,1,0.76,92,44
5,57,2,"[0.21917051076889038, 0.533272922039032, 0.24755661189556122]",1.0,0.43,0.0,0,0.0,0,1.7065217391304348,0.4,1,0,0.20000000298023224,1,0.7666666507720947,1,-0.05,92,44
5,58,0,"[0.21934141218662262, 0.5333449840545654, 0.24731358885765076]",1.0,0.42,0.0,0,0.0,0,1.608695652173913,0.2,1,0,0.20000000298023224,1,0.7666666507720947,1,-0.1,92,44
5,59,0,"[0.21933026611804962, 0.5337927937507629, 0.24687688052654266]",1.0,0.41,0.0,0,0.0,0,1.5978260869565217,1.0,0,0,0.20000000298023224,1,0.7666666507720947,1,-0.1,92,44
5,60,1,"[0.2195289433002472, 0.5338361859321594, 0.24663487076759338]",1.0,0.4,0.0,0,0.0,0,1.0543478260869565,0.8,0,0,0.20000000298023224,1,0.7666666507720947,1,-0.1,92,44
5,61,1,"[0.2197193205356598, 0.5338290333747864, 0.24645157158374786]",1.0,0.39,0.0,0,0.0,0,0.3695652173913043,0.4,0,0,0.20000000298023224,1,0.7666666507720947,1,-0.1,92,44
5,62,1,"[0.2190479338169098, 0.5335601568222046, 0.24739184975624084]",1.0,0.38,0.0,0,0.0,0,2.152173913043478,1.0,0,0,0.20000000298023224,1,0.7666666507720947,1,-0.1,92,44
5,63,2,"[0.21928314864635468, 0.5333935022354126, 0.24732330441474915]",1.0,0.37,0.0,0,0.0,0,1.5543478260869565,0.4,0,0,0.20000000298023224,1,0.7666666507720947,1,-0.05,92,44
5,64,2,"[0.21951603889465332, 0.5337151885032654, 0.2467687577009201]",1.0,0.36,0.0,0,0.0,0,1.0434782608695652,0.7,0,0,0.20000000298023224,1,0.7666666507720947,1,-0.05,92,44
5,65,0,"[0.21938450634479523, 0.5336454510688782, 0.24696996808052063]",1.0,0.35,0.0,0,0.0,0,1.4565217391304348,0.8,0,0,0.20000000298023224,1,0.7666666507720947,1,-0.1,92,44
5,66,1,"[0.21963831782341003, 0.5335947275161743, 0.24676695466041565]",1.0,0.34,0.0,0,0.0,0,0.5,0.2,0,0,0.20000000298023224,1,0.7666666507720947,1,-0.1,92,44
5,67,2,"[0.21924568712711334, 0.5336244106292725, 0.24712981283664703]",1.0,0.33,0.0,0,0.0,0,1.7826086956521738,1.0,0,0,0.20000000298023224,1,0.7666666507720947,1,-0.05,92,44
5,68,1,"[0.21977508068084717, 0.533794641494751, 0.24643033742904663]",1.0,0.32,0.0,0,0.0,0,0.010869565217391304,0.2,0,0,0.20000000298023224,1,0.7666666507720947,1,0.0,92,44
5,69,1,"[0.2193887084722519, 0.5336750149726868, 0.24693629145622253]",1.0,0.31,0.0,0,0.0,0,0.8695652173913043,0.5,0,1,0.20000000298023224,1,0.7666666507720947,1,-0.1,92,44
5,70,1,"[0.2195100039243698, 0.5333400964736938, 0.24714985489845276]",1.0,0.3,0.0,0,0.0,0,0.8260869565217391,0.1,0,0,0.20000000298023224,1,0.7666666507720947,1,-0.1,92,44
5,71,1,"[0.21958649158477783, 0.5337295532226562, 0.2466839849948883]",1.0,0.29,0.0,0,0.0,0,0.9021739130434783,0.8,0,0,0.20000000298023224,1,0.7666666507720947,1,-0.1,92,44
5,72,1,"[0.21922257542610168, 0.5330690741539001, 0.24770833551883698]",1.0,0.28,0.0,0,0.0,0,1.7717391304347827,0.1,0,0,0.20000000298023224,1,0.7666666507720947,1,-0.1,92,44
5,73,0,"[0.21960192918777466, 0.5335946083068848, 0.24680349230766296]",1.0,0.27,0.0,0,0.0,0,0.6956521739130435,0.5,0,0,0.20000000298023224,1,0.7666666507720947,1,0.0,92,44
5,74,2,"[0.21760638058185577, 0.5291404724121094, 0.25325319170951843]",0.30434782608695654,0.26,0.6956521739130435,1,0.4,1,1.0434782608695652,0.6,1,0,0.20000000298023224,1,0.7666666507720947,1,-0.05,92,44
5,75,1,"[0.21728244423866272, 0.5285025835037231, 0.25421494245529175]",0.30434782608695654,0.25,0.6956521739130435,1,0.3,1,1.608695652173913,0.3,1,0,0.20000000298023224,1,0.7666666507720947,1,-0.1,92,44
5,76,2,"[0.21758978068828583, 0.5286715626716614, 0.2537386417388916]",0.30434782608695654,0.24,0.6956521739130435,1,0.2,1,0.7934782608695652,0.1,1,0,0.20000000298023224,1,0.7666666507720947,1,-0.05,92,44
5,77,2,"[0.21766291558742523, 0.5288838148117065, 0.25345325469970703]",0.30434782608695654,0.23,0.6956521739130435,1,0.1,1,0.5,0.3,1,0,0.20000000298023224,1,0.7666666507720947,1,0.59,92,44
5,78,1,"[0.21931909024715424, 0.5332869291305542, 0.24739398062229156]",1.0,0.22,0.0,0,0.0,0,1.5434782608695652,0.8,1,0,0.20000000298023224,1,0.7666666507720947,1,-0.1,92,44
5,79,2,"[0.21965089440345764, 0.5333927273750305, 0.24695639312267303]",1.0,0.21,0.0,0,0.0,0,0.8152173913043478,0.4,1,0,0.20000000298023224,1,0.7666666507720947,1,-0.05,92,44
5,80,2,"[0.21929334104061127, 0.5330203771591187, 0.2476862072944641]",1.0,0.2,0.0,0,0.0,0,1.7826086956521738,0.2,1,0,0.20000000298023224,1,0.7666666507720947,1,-0.05,92,44
5,81,1,"[0.21964630484580994, 0.5333549380302429, 0.24699871242046356]",1.0,0.19,0.0,0,0.0,0,0.8369565217391305,0.4,1,0,0.20000000298023224,1,0.7666666507720947,1,-0.1,92,44
5,82,0,"[0.21944080293178558, 0.533179521560669, 0.24737967550754547]",1.0,0.18,0.0,0,0.0,0,1.434782608695652,0.4,1,0,0.20000000298023224,1,0.7666666507720947,1,-0.1,92,44
5,83,1,"[0.2193080633878708, 0.5329651832580566, 0.247726708650589]",1.0,0.17,0.0,0,0.0,0,1.5217391304347827,0.1,0,0,0.20000000298023224,1,0.7666666507720947,1,-0.1,92,44
5,84,0,"[0.2196798324584961, 0.5335928797721863, 0.2467273622751236]",1.0,0.16,0.0,0,0.0,0,0.5,0.6,0,0,0.20000000298023224,1,0.7666666507720947,1,0.0,92,44
5,85,0,"[0.2183619737625122, 0.5306661128997803, 0.25097188353538513]",0.5,0.15,0.5,1,0.5,1,1.0217391304347827,0.9,1,0,0.20000000298023224,1,0.7666666507720947,1,-0.1,92,44
5,86,0,"[0.21856389939785004, 0.5309171080589294, 0.2505190074443817]",0.5,0.14,0.5,1,0.4,1,0.391304347826087,0.6,0,0,0.20000000298023224,1,0.7666666507720947,1,0.0,92,44
5,87,1,"[0.2167450487613678, 0.5279280543327332, 0.25532689690589905]",0.10869565217391304,0.13,0.8913043478260869,2,0.8,2,1.6956521739130435,0.3,1,0,0.20000000298023224,1,0.7666666507720947,1,-0.1,92,44
5,88,1,"[0.217336043715477, 0.5285759568214417, 0.2540879547595978]",0.10869565217391304,0.12,0.8913043478260869,2,0.6000000000000001,2,0.33695652173913043,0.5,1,0,0.20000000298023224,1,0.7666666507720947,1,-0.1,92,44
5,89,0,"[0.21652987599372864, 0.5276354551315308, 0.255834698677063]",0.10869565217391304,0.11,0.8913043478260869,2,0.4,2,2.0217391304347827,0.4,1,0,0.20000000298023224,1,0.7666666507720947,1,0.36,92,44
5,90,0,"[0.21859689056873322, 0.5310379266738892, 0.25036513805389404]",0.6086956521739131,0.1,0.391304347826087,1,0.2,1,0.5217391304347826,0.3,0,0,0.20000000298023224,1,0.7666666507720947,1,0.0,92,44
5,91,2,"[0.21697138249874115, 0.5280699133872986, 0.25495874881744385]",0.08695652173913043,0.09,0.9130434782608696,2,0.30000000000000004,2,1.6304347826086956,0.2,1,0,0.20000000298023224,1,0.7666666507720947,1,0.31,92,44
5,92,1,"[0.2178572118282318, 0.5295614004135132, 0.2525814473628998]",0.4782608695652174,0.08,0.5217391304347826,1,0.1,1,1.2282608695652173,0.6,1,0,0.20000000298023224,1,0.7666666507720947,1,0.38,92,44
5,93,2,"[0.21975179016590118, 0.533570408821106, 0.24667778611183167]",1.0,0.07,0.0,0,0.0,0,0.41304347826086957,0.9,1,0,0.20000000298023224,1,0.7666666507720947,1,-0.05,92,44
5,94,1,"[0.21952518820762634, 0.5330790281295776, 0.2473958283662796]",1.0,0.06,0.0,0,0.0,0,1.2934782608695652,0.4,1,0,0.20000000298023224,1,0.7666666507720947,1,-0.1,92,44
5,95,1,"[0.21952436864376068, 0.5330609083175659, 0.2474147528409958]",1.0,0.05,0.0,0,0.0,0,1.2826086956521738,0.4,1,0,0.20000000298023224,1,0.7666666507720947,1,-0.1,92,44
5,96,1,"[0.21931295096874237, 0.5331565141677856, 0.24753054976463318]",1.0,0.04,0.0,0,0.0,0,1.815217391304348,0.9,1,0,0.20000000298023224,1,0.7666666507720947,1,-0.1,92,44
5,97,1,"[0.21993760764598846, 0.5338696837425232, 0.24619273841381073]",1.0,0.03,0.0,0,0.0,0,0.06521739130434782,1.0,1,0,0.20000000298023224,1,0.7666666507720947,1,-0.1,92,44
5,98,2,"[0.21918201446533203, 0.5328238010406494, 0.24799413979053497]",1.0,0.02,0.0,0,0.0,0,2.097826086956522,0.4,1,0,0.20000000298023224,1,0.7666666507720947,1,-0.05,92,44
5,99,1,"[0.21916863322257996, 0.5326887369155884, 0.24814262986183167]",1.0,0.01,0.0,0,0.0,0,2.0217391304347827,0.2,1,0,0.20000000298023224,1,0.7666666507720947,1,-0.1,92,44
6,0,0,"[0.3151293396949768, 0.1886192113161087, 0.4962514042854309]",1.0,1.0,0.0,0,0.0,0,0.06521739130434782,0.5,0,0,0.20000000298023224,1,0.7666666507720947,1,0.0,92,44
6,1,1,"[0.21955543756484985, 0.517659068107605, 0.26278552412986755]",0.9347826086956522,0.99,0.06521739130434782,1,0.4,1,0.8260869565217391,0.9,1,0,0.20000000298023224,1,0.7666666507720947,1,0.0,92,44
6,2,2,"[0.2191322147846222, 0.5340254306793213, 0.24684235453605652]",0.9347826086956522,0.98,0.06521739130434782,1,0.3,1,0.7934782608695652,0.6,1,1,0.20000000298023224,1,0.7666666507720947,1,-0.05,92,44
6,3,2,"[0.21930164098739624, 0.5342574715614319, 0.24644087255001068]",0.9347826086956522,0.97,0.06521739130434782,1,0.2,1,1.076086956521739,0.5,1,1,0.20000000298023224,1,0.7666666507720947,1,-0.05,92,44
6,4,1,"[0.2190043181180954, 0.5342353582382202, 0.246760293841362]",0.9347826086956522,0.96,0.06521739130434782,1,0.1,1,2.0869565217391304,1.0,1,1,0.20000000298023224,1,0.7666666507720947,1,0.06,92,44
6,5,1,"[0.21941865980625153, 0.5346537232398987, 0.2459275871515274]",1.0,0.95,0.0,0,0.0,0,1.065217391304348,1.0,1,1,0.20000000298023224,1,0.7666666507720947,1,-0.1,92,44
6,6,1,"[0.21965546905994415, 0.5344952344894409, 0.24584920704364777]",1.0,0.94,0.0,0,0.0,0,0.08695652173913043,0.8,1,0,0.20000000298023224,1,0.7666666507720947,1,0.0,92,44
6,7,1,"[0.21946263313293457, 0.5343815088272095, 0.24615588784217834]",1.0,0.93,0.0,0,0.0,0,1.0108695652173914,0.4,1,1,0.20000000298023224,1,0.7666666507720947,1,0.0,92,44
6,8,2,"[0.21954333782196045, 0.5344905257225037, 0.2459661364555359]",1.0,0.92,0.0,0,0.0,0,0.6195652173913043,0.6,1,1,0.20000000298023224,1,0.7666666507720947,1,-0.05,92,44
6,9,1,"[0.21932704746723175, 0.5341783165931702, 0.24649468064308167]",1.0,0.91,0.0,0,0.0,0,1.326086956521739,0.2,1,1,0.20000000298023224,1,0.7666666507720947,1,0.615,92,44
6,10,0,"[0.21953170001506805, 0.5341802835464478, 0.24628807604312897]",1.0,0.9,0.0,0,0.0,0,0.6413043478260869,0.4,1,0,0.20000000298023224,1,0.7666666507720947,1,0.91,92,44
6,11,1,"[0.21766406297683716, 0.5305540561676025, 0.2517818510532379]",0.358695652173913,0.89,0.6413043478260869,1,0.3,1,1.0,0.7,1,0,0.20000000298023224,1,0.7666666507720947,1,0.0,92,44
6,12,1,"[0.21758927404880524, 0.5304551124572754, 0.2519555389881134]",0.358695652173913,0.88,0.6413043478260869,1,0.2,1,0.6086956521739131,0.5,1,1,0.20000000298023224,1,0.7666666507720947,1,0.0,92,44
6,13,0,"[0.21756431460380554, 0.5301628112792969, 0.2522728741168976]",0.358695652173913,0.87,0.6413043478260869,1,0.1,1,0.6195652173913043,0.1,1,1,0.20000000298023224,1,0.7666666507720947,1,2.4,92,44
6,14,1,"[0.2188654989004135, 0.5340554118156433, 0.2470790296792984]",1.0,0.86,0.0,0,0.0,0,1.815217391304348,0.6,0,1,0.20000000298023224,1,0.7666666507720947,1,0.0,92,44
6,15,1,"[0.2193024456501007, 0.5344804525375366, 0.24621711671352386]",1.0,0.85,0.0,0,0.0,0,0.8586956521739131,0.8,0,1,0.20000000298023224,1,0.7666666507720947,1,0.0,92,44
6,16,2,"[0.21926040947437286, 0.5341986417770386, 0.24654097855091095]",1.0,0.84,0.0,0,0.0,0,0.9565217391304348,0.3,0,1,0.20000000298023224,1,0.7666666507720947,1,0.485,92,44
6,17,0,"[0.21905586123466492, 0.5343711972236633, 0.24657288193702698]",1.0,0.83,0.0,0,0.0,0,1.641304347826087,1.0,0,1,0.20000000298023224,1,0.7666666507720947,1,0.785,92,44
6,18,1,"[0.21919628977775574, 0.5343290567398071, 0.24647462368011475]",1.0,0.82,0.0,0,0.0,0,1.1956521739130435,0.7,0,1,0.20000000298023224,1,0.7666666507720947,1,-0.1,92,44
6,19,1,"[0.2195746749639511, 0.5344616174697876, 0.2459637075662613]",1.0,0.81,0.0,0,0.0,0,0.6956521739130435,0.9,0,0,0.20000000298023224,1,0.7666666507720947,1,1.54,92,44
6,20,2,"[0.21963991224765778, 0.5342152714729309, 0.24614477157592773]",1.0,0.8,0.0,0,0.0,0,0.4782608695652174,0.3,0,0,0.20000000298023224,1,0.7666666507720947,1,-0.05,92,44
6,21,1,"[0.21945609152317047, 0.5339980721473694, 0.24654586613178253]",1.0,0.79,0.0,0,0.0,0,1.0434782608695652,0.2,0,0,0.20000000298023224,1,0.7666666507720947,1,0.0,92,44
6,22,1,"[0.21957139670848846, 0.5345552563667297, 0.2458733767271042]",1.0,0.78,0.0,0,0.0,0,0.1956521739130435,0.9,0,1,0.20000000298023224,1,0.7666666507720947,1,1.6,92,44
6,23,1,"[0.21928320825099945, 0.5339977741241455, 0.2467191070318222]",1.0,0.77,0.0,0,0.0,0,1.5326086956521738,0.5,0,0,0.20000000298023224,1,0.7666666507720947,1,0.0,92,44
6,24,0,"[0.21893160045146942, 0.5337486267089844, 0.2473197728395462]",1.0,0.76,0.0,0,0.0,0,1.8695652173913044,0.1,0,1,0.20000000298023224,1,0.7666666507720947,1,-0.1,92,44
6,25,1,"[0.2194162905216217, 0.5344696640968323, 0.24611413478851318]",1.0,0.75,0.0,0,0.0,0,0.6086956521739131,0.9,0,1,0.20000000298023224,1,0.7666666507720947,1,-0.1,92,44
6,26,0,"[0.21910274028778076, 0.5337709784507751, 0.24712634086608887]",1.0,0.74,0.0,0,0.0,0,1.9130434782608696,0.3,0,0,0.20000000298023224,1,0.7666666507720947,1,-0.1,92,44
6,27,1,"[0.21946315467357635, 0.5340279340744019, 0.24650894105434418]",1.0,0.73,0.0,0,0.0,0,0.9891304347826086,0.4,0,0,0.20000000298023224,1,0.7666666507720947,1,1.285,92,44
6,28,1,"[0.21910881996154785, 0.5337382555007935, 0.24715295433998108]",1.0,0.72,0.0,0,0.0,0,1.9130434782608696,0.3,0,0,0.20000000298023224,1,0.7666666507720947,1,-0.1,92,44
6,29,1,"[0.219571053981781, 0.5341469645500183, 0.24628190696239471]",1.0,0.71,0.0,0,0.0,0,0.6956521739130435,0.5,0,0,0.20000000298023224,1,0.7666666507720947,1,-0.1,92,44
6,30,0,"[0.21925996243953705, 0.5339695811271667, 0.24677039682865143]",1.0,0.7,0.0,0,0.0,0,1.608695652173913,0.7,0,0,0.20000000298023224,1,0.7666666507720947,1,-0.1,92,44
6,31,2,"[0.21957756578922272, 0.534077525138855, 0.24634498357772827]",1.0,0.69,0.0,0,0.0,0,0.7065217391304348,0.4,0,0,0.20000000298023224,1,0.7666666507720947,1,-0.05,92,44
6,32,1,"[0.2197195589542389, 0.5344441533088684, 0.2458363026380539]",1.0,0.68,0.0,0,0.0,0,0.32608695652173914,1.0,0,0,0.20000000298023224,1,0.7666666507720947,1,-0.1,92,44
6,33,1,"[0.21977494657039642, 0.5342616438865662, 0.24596337974071503]",1.0,0.67,0.0,0,0.0,0,0.16304347826086957,0.5,0,0,0.20000000298023224,1,0.7666666507720947,1,-0.1,92,44
6,34,2,"[0.21936285495758057, 0.533799946308136, 0.24683721363544464]",1.0,0.66,0.0,0,0.0,0,1.3695652173913044,0.3,0,0,0.20000000298023224,1,0.7666666507720947,1,-0.05,92,44
6,35,1,"[0.21949705481529236, 0.5341918468475342, 0.24631109833717346]",1.0,0.65,0.0,0,0.0,0,1.0978260869565217,0.9,0,0,0.20000000298023224,1,0.7666666507720947,1,-0.1,92,44
6,36,1,"[0.21965396404266357, 0.5341238379478455, 0.24622218310832977]",1.0,0.64,0.0,0,0.0,0,0.5434782608695652,0.5,0,0,0.20000000298023224,1,0.7666666507720947,1,-0.1,92,44
6,37,0,"[0.2197090983390808, 0.5339804887771606, 0.24631045758724213]",1.0,0.63,0.0,0,0.0,0,0.2717391304347826,0.1,0,0,0.20000000298023224,1,0.7666666507720947,1,0.25,92,44
6,38,1,"[0.21923990547657013, 0.5338748693466187, 0.2468852400779724]",1.0,0.62,0.0,0,0.0,0,1.8478260869565217,0.9,1,0,0.20000000298023224,1,0.7666666507720947,1,-0.1,92,44
6,39,2,"[0.21976041793823242, 0.5341217517852783, 0.24611786007881165]",1.0,0.61,0.0,0,0.0,0,0.05434782608695652,0.6,1,0,0.20000000298023224,1,0.7666666507720947,1,-0.05,92,44
6,40,1,"[0.21944010257720947, 0.5337007641792297, 0.24685916304588318]",1.0,0.6,0.0,0,0.0,0,1.3369565217391304,0.3,1,0,0.20000000298023224,1,0.7666666507720947,1,-0.1,92,44
6,41,0,"[0.21913905441761017, 0.5335723757743835, 0.24728864431381226]",1.0,0.59,0.0,0,0.0,0,2.119565217391304,0.4,1,0,0.20000000298023224,1,0.7666666507720947,1,-0.1,92,44
6,42,2,"[0.21963901817798615, 0.533841073513031, 0.24651993811130524]",1.0,0.58,0.0,0,0.0,0,0.4782608695652174,0.1,0,0,0.20000000298023224,1,0.7666666507720947,1,-0.05,92,44
6,43,2,"[0.2195754498243332, 0.5338479280471802, 0.24657663702964783]",1.0,0.57,0.0,0,0.0,0,0.7391304347826086,0.3,0,0,0.20000000298023224,1,0.7666666507720947,1,-0.05,92,44
6,44,2,"[0.21969351172447205, 0.5338775515556335, 0.2464289516210556]",1.0,0.56,0.0,0,0.0,0,0.33695652173913043,0.1,0,0,0.20000000298023224,1,0.7666666507720947,1,-0.05,92,44
6,45,0,"[0.21955560147762299, 0.5336949229240417, 0.24674952030181885]",1.0,0.55,0.0,0,0.0,0,0.75,0.1,0,0,0.20000000298023224,1,0.7666666507720947,1,0.6900000000000001,92,44
6,46,1,"[0.21952565014362335, 0.533923864364624, 0.246550515294075]",1.0,0.54,0.0,0,0.0,0,1.0326086956521738,0.9,1,0,0.20000000298023224,1,0.7666666507720947,1,-0.1,92,44
6,47,2,"[0.2195044904947281, 0.5337815284729004, 0.2467140555381775]",1.0,0.53,0.0,0,0.0,0,1.1630434782608696,0.6,1,0,0.20000000298023224,1,0.7666666507720947,1,-0.05,92,44
6,48,0,"[0.21963956952095032, 0.5338614583015442, 0.2464989274740219]",1.0,0.52,0.0,0,0.0,0,0.6956521739130435,0.6,1,0,0.20000000298023224,1,0.7666666507720947,1,0.0,92,44
6,49,0,"[0.21784964203834534, 0.5298993587493896, 0.2522509694099426]",0.30434782608695654,0.51,0.6956521739130435,1,0.5,1,0.4782608695652174,0.6,1,0,0.20000000298023224,1,0.7666666507720947,1,-0.1,92,44
6,50,1,"[0.21759933233261108, 0.5297081470489502, 0.2526925504207611]",0.30434782608695654,0.5,0.6956521739130435,1,0.4,1,1.0978260869565217,0.5,0,0,0.20000000298023224,1,0.7666666507720947,1,-0.1,92,44
6,51,1,"[0.21787503361701965, 0.5299890041351318, 0.2521359920501709]",0.30434782608695654,0.49,0.6956521739130435,1,0.3,1,0.2826086956521739,0.6,0,0,0.20000000298023224,1,0.7666666507720947,1,-0.1,92,44
6,52,0,"[0.21782249212265015, 0.5298253893852234, 0.2523520886898041]",0.30434782608695654,0.48,0.6956521739130435,1,0.2,1,0.2717391304347826,0.5,0,0,0.20000000298023224,1,0.7666666507720947,1,0.0,92,44
6,53,1,"[0.21640841662883759, 0.5274750590324402, 0.25611647963523865]",0.03260869565217391,0.47,0.967391304347826,2,0.5,2,1.2717391304347827,0.1,1,0,0.20000000298023224,1,0.7666666507720947,1,0.54,92,44
6,54,1,"[0.2183888852596283, 0.5320152640342712, 0.24959580600261688]",0.7282608695652174,0.46,0.2717391304347826,1,0.3,1,2.0543478260869565,0.9,1,0,0.20000000298023224,1,0.7666666507720947,1,-0.1,92,44
6,55,0,"[0.21872329711914062, 0.532177746295929, 0.2490989714860916]",0.7282608695652174,0.45,0.2717391304347826,1,0.2,1,1.2934782608695652,0.7,1,0,0.20000000298023224,1,0.7666666507720947,1,-0.1,92,44
6,56,0,"[0.21862490475177765, 0.5323863625526428, 0.24898874759674072]",0.7282608695652174,0.44,0.2717391304347826,1,0.1,1,1.6956521739130435,1.0,0,0,0.20000000298023224,1,0.7666666507720947,1,0.15,92,44
6,57,1,"[0.21976089477539062, 0.5339659452438354, 0.2462732046842575]",1.0,0.43,0.0,0,0.0,0,0.11956521739130435,0.5,0,0,0.20000000298023224,1,0.7666666507720947,1,-0.1,92,44
6,58,0,"[0.219624862074852, 0.5338403582572937, 0.24653472006320953]",1.0,0.42,0.0,0,0.0,0,0.75,0.6,0,0,0.20000000298023224,1,0.7666666507720947,1,0.0,92,44
6,59,2,"[0.21787430346012115, 0.5294759273529053, 0.25264981389045715]",0.25,0.41,0.75,1,0.5,1,0.15217391304347827,0.4,1,0,0.20000000298023224,1,0.7666666507720947,1,-0.05,92,44
6,60,1,"[0.2174580842256546, 0.5289278030395508, 0.2536141276359558]",0.25,0.4,0.75,1,0.4,1,0.8043478260869565,0.5,1,0,0.20000000298023224,1,0.7666666507720947,1,-0.1,92,44
6,61,1,"[0.2168571650981903, 0.5283766388893127, 0.25476616621017456]",0.25,0.39,0.75,1,0.3,1,1.923913043478261,0.7,1,0,0.20000000298023224,1,0.7666666507720947,1,-0.1,92,44
6,62,2,"[0.21720722317695618, 0.5287659764289856, 0.2540268301963806]",0.25,0.38,0.75,1,0.2,1,0.9130434782608695,0.8,1,0,0.20000000298023224,1,0.7666666507720947,1,-0.05,92,44
6,63,0,"[0.21696694195270538, 0.5282160043716431, 0.25481703877449036]",0.25,0.37,0.75,1,0.1,1,1.4673913043478262,0.4,1,0,0.20000000298023224,1,0.7666666507720947,1,0.59,92,44
6,64,1,"[0.21896860003471375, 0.5333296060562134, 0.24770182371139526]",1.0,0.36,0.0,0,0.0,0,2.0760869565217392,0.8,0,0,0.20000000298023224,1,0.7666666507720947,1,-0.1,92,44
6,65,1,"[0.21936285495758057, 0.5335836410522461, 0.24705353379249573]",1.0,0.35,0.0,0,0.0,0,1.391304347826087,0.7,0,0,0.20000000298023224,1,0.7666666507720947,1,-0.1,92,44
6,66,0,"[0.21905775368213654, 0.5332271456718445, 0.2477150708436966]",1.0,0.34,0.0,0,0.0,0,2.097826086956522,0.4,0,0,0.20000000298023224,1,0.7666666507720947,1,-0.1,92,44
6,67,1,"[0.21970140933990479, 0.5336873531341553, 0.24661128222942352]",1.0,0.33,0.0,0,0.0,0,0.22826086956521738,0.2,0,0,0.20000000298023224,1,0.7666666507720947,1,-0.1,92,44
6,68,1,"[0.21950304508209229, 0.5333373546600342, 0.24715964496135712]",1.0,0.32,0.0,0,0.0,0,0.9130434782608695,0.1,0,0,0.20000000298023224,1,0.7666666507720947,1,-0.1,92,44
6,69,1,"[0.21952533721923828, 0.5335065126419067, 0.24696815013885498]",1.0,0.31,0.0,0,0.0,0,0.9021739130434783,0.4,0,0,0.20000000298023224,1,0.7666666507720947,1,-0.1,92,44
6,70,2,"[0.21948589384555817, 0.5337092876434326, 0.2468048334121704]",1.0,0.3,0.0,0,0.0,0,1.2282608695652173,0.9,0,0,0.20000000298023224,1,0.7666666507720947,1,-0.05,92,44
6,71,1,"[0.21981395781040192, 0.5338616967201233, 0.24632439017295837]",1.0,0.29,0.0,0,0.0,0,0.021739130434782608,0.4,0,0,0.20000000298023224,1,0.7666666507720947,1,-0.1,92,44
6,72,0,"[0.2192259281873703, 0.5331653952598572, 0.24760861694812775]",1.0,0.28,0.0,0,0.0,0,1.7826086956521738,0.3,0,0,0.20000000298023224,1,0.7666666507720947,1,-0.1,92,44
6,73,0,"[0.21923431754112244, 0.5330592393875122, 0.24770638346672058]",1.0,0.27,0.0,0,0.0,0,1.684782608695652,0.1,0,0,0.20000000298023224,1,0.7666666507720947,1,-0.1,92,44
6,74,1,"[0.21959339082241058, 0.5338073968887329, 0.2465991973876953]",1.0,0.26,0.0,0,0.0,0,0.9239130434782609,1.0,0,0,0.20000000298023224,1,0.7666666507720947,1,-0.1,92,44
6,75,1,"[0.21923860907554626, 0.5332503914833069, 0.24751093983650208]",1.0,0.25,0.0,0,0.0,0,1.7391304347826086,0.5,0,0,0.20000000298023224,1,0.7666666507720947,1,-0.1,92,44
6,76,2,"[0.21941441297531128, 0.5335806012153625, 0.24700504541397095]",1.0,0.24,0.0,0,0.0,0,1.391304347826087,0.9,0,0,0.20000000298023224,1,0.7666666507720947,1,-0.05,92,44
6,77,1,"[0.2196553498506546, 0.5336107611656189, 0.2467338591814041]",1.0,0.23,0.0,0,0.0,0,0.5760869565217391,0.5,0,0,0.20000000298023224,1,0.7666666507720947,1,-0.1,92,44
6,78,0,"[0.21943746507167816, 0.5336143374443054, 0.2469482570886612]",1.0,0.22,0.0,0,0.0,0,1.4130434782608696,1.0,0,0,0.20000000298023224,1,0.7666666507720947,1,-0.1,92,44
6,79,0,"[0.21955381333827972, 0.533467710018158, 0.24697847664356232]",1.0,0.21,0.0,0,0.0,0,0.8913043478260869,0.5,0,0,0.20000000298023224,1,0.7666666507720947,1,0.0,92,44
6,80,1,"[0.21752986311912537, 0.5283231735229492, 0.25414687395095825]",0.10869565217391304,0.2,0.8913043478260869,1,0.4,1,0.010869565217391304,0.6,1,0,0.20000000298023224,1,0.7666666507720947,1,-0.1,92,44
6,81,2,"[0.21648667752742767, 0.5267546772956848, 0.2567586898803711]",0.10869565217391304,0.19,0.8913043478260869,1,0.3,1,2.0434782608695654,0.3,1,0,0.20000000298023224,1,0.7666666507720947,1,-0.05,92,44
6,82,1,"[0.2164263129234314, 0.5269657969474792, 0.2566079795360565]",0.10869565217391304,0.18,0.8913043478260869,1,0.2,1,1.7065217391304348,0.8,1,0,0.20000000298023224,1,0.7666666507720947,1,-0.1,92,44
6,83,1,"[0.2164074182510376, 0.526538074016571, 0.25705453753471375]",0.10869565217391304,0.17,0.8913043478260869,1,0.1,1,1.923913043478261,0.2,1,0,0.20000000298023224,1,0.7666666507720947,1,0.72,92,44
6,84,1,"[0.2193802148103714, 0.5330728888511658, 0.24754688143730164]",1.0,0.16,0.0,0,0.0,0,1.2391304347826086,0.5,1,0,0.20000000298023224,1,0.7666666507720947,1,-0.1,92,44
6,85,2,"[0.21977415680885315, 0.5335692763328552, 0.24665653705596924]",1.0,0.15,0.0,0,0.0,0,0.42391304347826086,0.6,1,0,0.20000000298023224,1,0.7666666507720947,1,-0.05,92,44
6,86,0,"[0.2194131761789322, 0.5333500504493713, 0.24723675847053528]",1.0,0.14,0.0,0,0.0,0,1.5543478260869565,0.9,1,0,0.20000000298023224,1,0.7666666507720947,1,-0.1,92,44
6,87,2,"[0.21947027742862701, 0.5334795117378235, 0.2470502406358719]",1.0,0.13,0.0,0,0.0,0,1.2934782608695652,0.9,0,0,0.20000000298023224,1,0.7666666507720947,1,-0.05,92,44
6,88,1,"[0.21938420832157135, 0.5329681634902954, 0.24764758348464966]",1.0,0.12,0.0,0,0.0,0,1.2717391304347827,0.1,0,0,0.20000000298023224,1,0.7666666507720947,1,-0.1,92,44
6,89,2,"[0.21966782212257385, 0.533387303352356, 0.24694491922855377]",1.0,0.11,0.0,0,0.0,0,0.32608695652173914,0.2,0,0,0.20000000298023224,1,0.7666666507720947,1,-0.05,92,44
6,90,0,"[0.21949727833271027, 0.5331978797912598, 0.24730481207370758]",1.0,0.1,0.0,0,0.0,0,0.9891304347826086,0.4,0,0,0.20000000298023224,1,0.7666666507720947,1,0.0,92,44
6,91,2,"[0.2163650244474411, 0.526271402835846, 0.25736352801322937]",0.010869565217391304,0.09,0.9891304347826086,1,0.3,1,1.6956521739130435,0.5,1,0,0.20000000298023224,1,0.7666666507720947,1,-0.05,92,44
6,92,2,"[0.2160547822713852, 0.5258426070213318, 0.2581027150154114]",0.010869565217391304,0.08,0.9891304347826086,1,0.2,1,2.141304347826087,0.5,1,0,0.20000000298023224,1,0.7666666507720947,1,-0.05,92,44
6,93,1,"[0.21689456701278687, 0.5265021324157715, 0.25660327076911926]",0.010869565217391304,0.07,0.9891304347826086,1,0.1,1,0.2391304347826087,0.1,1,0,0.20000000298023224,1,0.7666666507720947,1,0.81,92,44
6,94,2,"[0.21967574954032898, 0.533246636390686, 0.24707773327827454]",1.0,0.06,0.0,0,0.0,0,0.45652173913043476,0.6,1,0,0.20000000298023224,1,0.7666666507720947,1,-0.05,92,44
6,95,1,"[0.2196149080991745, 0.5332261919975281, 0.2471589297056198]",1.0,0.05,0.0,0,0.0,0,1.0543478260869565,0.6,1,0,0.20000000298023224,1,0.7666666507720947,1,-0.1,92,44
6,96,1,"[0.2198103964328766, 0.5333536267280579, 0.24683594703674316]",1.0,0.04,0.0,0,0.0,0,0.3804347826086957,0.3,1,0,0.20000000298023224,1,0.7666666507720947,1,-0.1,92,44
6,97,1,"[0.21920569241046906, 0.5328401923179626, 0.24795405566692352]",1.0,0.03,0.0,0,0.0,0,2.0217391304347827,0.4,1,0,0.20000000298023224,1,0.7666666507720947,1,-0.1,92,44
6,98,1,"[0.21967706084251404, 0.5332033038139343, 0.24711962044239044]",1.0,0.02,0.0,0,0.0,0,0.8260869565217391,0.5,1,0,0.20000000298023224,1,0.7666666507720947,1,-0.1,92,44
6,99,1,"[0.2195218801498413, 0.5330544710159302, 0.2474236935377121]",1.0,0.01,0.0,0,0.0,0,1.326086956521739,0.5,1,0,0.20000000298023224,1,0.7666666507720947,1,-0.1,92,44
7,0,2,"[0.30033886432647705, 0.2025100439786911, 0.49715113639831543]",1.0,1.0,0.0,0,0.0,0,0.9130434782608695,0.7,0,0,0.20000000298023224,1,0.7666666507720947,1,-0.05,92,44
7,1,0,"[0.21973511576652527, 0.5212336182594299, 0.2590312957763672]",1.0,0.99,0.0,0,0.0,0,1.2391304347826086,0.1,0,0,0.20000000298023224,1,0.7666666507720947,1,-0.1,92,44
7,2,0,"[0.21937823295593262, 0.5341576337814331, 0.24646420776844025]",1.0,0.98,0.0,0,0.0,0,0.5108695652173914,0.5,0,0,0.20000000298023224,1,0.7666666507720947,1,0.0,92,44
7,3,0,"[0.21836666762828827, 0.531687319278717, 0.24994602799415588]",0.4891304347826087,0.97,0.5108695652173914,1,0.4,1,0.043478260869565216,0.4,1,0,0.20000000298023224,1,0.7666666507720947,1,0.0,92,44
7,4,0,"[0.217744380235672, 0.5309162139892578, 0.25133946537971497]",0.44565217391304346,0.96,0.5543478260869565,2,0.6,2,1.0108695652173914,0.2,1,0,0.20000000298023224,1,0.7666666507720947,1,-0.1,92,44
7,5,2,"[0.21785315871238708, 0.5314561128616333, 0.2506907284259796]",0.44565217391304346,0.95,0.5543478260869565,2,0.4,2,0.8478260869565217,0.6,0,0,0.20000000298023224,1,0.7666666507720947,1,-0.05,92,44
7,6,0,"[0.2175823450088501, 0.5309228301048279, 0.25149479508399963]",0.44565217391304346,0.94,0.5543478260869565,2,0.2,2,1.7173913043478262,0.3,0,0,0.20000000298023224,1,0.7666666507720947,1,0.41000000000000003,92,44
7,7,1,"[0.21958686411380768, 0.5342549681663513, 0.24615810811519623]",1.0,0.93,0.0,0,0.0,0,0.18478260869565216,0.2,0,0,0.20000000298023224,1,0.7666666507720947,1,-0.1,92,44
7,8,2,"[0.2196645736694336, 0.5345973968505859, 0.24573799967765808]",1.0,0.92,0.0,0,0.0,0,0.29347826086956524,0.8,0,0,0.20000000298023224,1,0.7666666507720947,1,-0.05,92,44
7,9,2,"[0.21919304132461548, 0.5341725945472717, 0.2466343194246292]",1.0,0.91,0.0,0,0.0,0,1.7065217391304348,0.6,0,0,0.20000000298023224,1,0.7666666507720947,1,-0.05,92,44
7,10,1,"[0.21906110644340515, 0.5341730117797852, 0.2467658370733261]",1.0,0.9,0.0,0,0.0,0,1.9456521739130435,0.8,0,0,0.20000000298023224,1,0.7666666507720947,1,0.0,92,44
7,11,1,"[0.21891970932483673, 0.5340307354927063, 0.24704958498477936]",1.0,0.89,0.0,0,0.0,0,1.815217391304348,0.3,0,1,0.20000000298023224,1,0.7666666507720947,1,0.0,92,44
7,12,1,"[0.21935200691223145, 0.5346366167068481, 0.24601143598556519]",1.0,0.88,0.0,0,0.0,0,0.7391304347826086,1.0,0,1,0.20000000298023224,1,0.7666666507720947,1,0.0,92,44
7,13,1,"[0.21952752768993378, 0.5343866348266602, 0.24608583748340607]",1.0,0.87,0.0,0,0.0,0,0.15217391304347827,0.4,0,1,0.20000000298023224,1,0.7666666507720947,1,1.555,92,44
7,14,1,"[0.2193187028169632, 0.5342317819595337, 0.24644945561885834]",1.0,0.86,0.0,0,0.0,0,1.4130434782608696,0.7,0,0,0.20000000298023224,1,0.7666666507720947,1,0.0,92,44
7,15,0,"[0.2194453626871109, 0.5345031023025513, 0.24605153501033783]",1.0,0.85,0.0,0,0.0,0,0.5108695652173914,0.7,0,1,0.20000000298023224,1,0.7666666507720947,1,0.0,92,44
7,16,1,"[0.21805118024349213, 0.5317108631134033, 0.25023791193962097]",0.4891304347826087,0.84,0.5108695652173914,1,0.6,1,1.423913043478261,0.9,1,1,0.20000000298023224,1,0.7666666507720947,1,0.0,92,44
7,17,1,"[0.21774417161941528, 0.5313204526901245, 0.2509353756904602]",0.4891304347826087,0.83,0.5108695652173914,1,0.5,1,2.0217391304347827,0.7,1,1,0.20000000298023224,1,0.7666666507720947,1,1.6500000000000001,92,44
7,18,1,"[0.21801796555519104, 0.5311859846115112, 0.2507961094379425]",0.4891304347826087,0.82,0.5108695652173914,1,0.4,1,1.1304347826086956,0.5,1,0,0.20000000298023224,1,0.7666666507720947,1,0.0,92,44
7,19,2,"[0.21771669387817383, 0.5311151742935181, 0.2511681616306305]",0.4891304347826087,0.81,0.5108695652173914,1,0.3,1,1.7717391304347827,0.5,1,1,0.20000000298023224,1,0.7666666507720947,1,-0.05,92,44
7,20,1,"[0.2181835174560547, 0.5311973094940186, 0.25061923265457153]",0.4891304347826087,0.8,0.5108695652173914,1,0.2,1,0.30434782608695654,0.2,1,1,0.20000000298023224,1,0.7666666507720947,1,1.2650000000000001,92,44
7,21,1,"[0.2178223431110382, 0.5313718318939209, 0.2508057653903961]",0.4891304347826087,0.79,0.5108695652173914,1,0.1,1,1.2065217391304348,1.0,1,1,0.20000000298023224,1,0.7666666507720947,1,1.37,92,44
7,22,1,"[0.21953389048576355, 0.5341565608978271, 0.24630959331989288]",1.0,0.78,0.0,0,0.0,0,0.5652173913043478,0.3,1,1,0.20000000298023224,1,0.7666666507720947,1,0.915,92,44
7,23,1,"[0.21941454708576202, 0.5341648459434509, 0.24642065167427063]",1.0,0.77,0.0,0,0.0,0,1.2717391304347827,0.9,1,0,0.20000000298023224,1,0.7666666507720947,1,-0.1,92,44
7,24,2,"[0.21971389651298523, 0.5340640544891357, 0.24622207880020142]",1.0,0.76,0.0,0,0.0,0,0.08695652173913043,0.2,1,0,0.20000000298023224,1,0.7666666507720947,1,1.215,92,44
7,25,1,"[0.21957938373088837, 0.534247636795044, 0.24617303907871246]",1.0,0.75,0.0,0,0.0,0,0.7391304347826086,1.0,1,0,0.20000000298023224,1,0.7666666507720947,1,0.0,92,44
7,26,1,"[0.21925249695777893, 0.5342937707901001, 0.24645370244979858]",1.0,0.74,0.0,0,0.0,0,2.0,1.0,1,1,0.20000000298023224,1,0.7666666507720947,1,-0.1,92,44
7,27,1,"[0.21945534646511078, 0.533821702003479, 0.24672290682792664]",1.0,0.73,0.0,0,0.0,0,1.173913043478261,0.1,1,0,0.20000000298023224,1,0.7666666507720947,1,-0.1,92,44
7,28,1,"[0.21935641765594482, 0.5338159203529358, 0.2468276023864746]",1.0,0.72,0.0,0,0.0,0,1.4891304347826086,0.3,1,0,0.20000000298023224,1,0.7666666507720947,1,-0.1,92,44
7,29,1,"[0.21973977982997894, 0.5343339443206787, 0.24592627584934235]",1.0,0.71,0.0,0,0.0,0,0.11956521739130435,0.9,1,0,0.20000000298023224,1,0.7666666507720947,1,0.0,92,44
7,30,0,"[0.21942444145679474, 0.5343022346496582, 0.2462732344865799]",1.0,0.7,0.0,0,0.0,0,1.4130434782608696,0.9,1,1,0.20000000298023224,1,0.7666666507720947,1,0.96,92,44
7,31,1,"[0.2194427102804184, 0.5340099930763245, 0.24654732644557953]",1.0,0.69,0.0,0,0.0,0,0.5760869565217391,0.1,0,1,0.20000000298023224,1,0.7666666507720947,1,-0.1,92,44
7,32,1,"[0.2191067337989807, 0.5335875153541565, 0.24730578064918518]",1.0,0.68,0.0,0,0.0,0,1.9021739130434783,0.1,0,0,0.20000000298023224,1,0.7666666507720947,1,-0.1,92,44
7,33,0,"[0.21926499903202057, 0.5336625576019287, 0.24707245826721191]",1.0,0.67,0.0,0,0.0,0,1.5326086956521738,0.1,0,0,0.20000000298023224,1,0.7666666507720947,1,-0.1,92,44
7,34,0,"[0.21924184262752533, 0.5336344242095947, 0.2471238076686859]",1.0,0.66,0.0,0,0.0,0,1.608695652173913,0.1,0,0,0.20000000298023224,1,0.7666666507720947,1,0.53,92,44
7,35,2,"[0.2194068729877472, 0.5341214537620544, 0.24647168815135956]",1.0,0.65,0.0,0,0.0,0,1.2934782608695652,0.9,0,0,0.20000000298023224,1,0.7666666507720947,1,-0.05,92,44
7,36,2,"[0.21970748901367188, 0.5343036651611328, 0.2459889054298401]",1.0,0.64,0.0,0,0.0,0,0.40217391304347827,0.8,0,0,0.20000000298023224,1,0.7666666507720947,1,-0.05,92,44
7,37,1,"[0.2195996344089508, 0.5341081023216248, 0.24629226326942444]",1.0,0.63,0.0,0,0.0,0,0.7717391304347826,0.6,0,0,0.20000000298023224,1,0.7666666507720947,1,-0.035,92,44
7,38,1,"[0.219752699136734, 0.5341402292251587, 0.24610699713230133]",1.0,0.62,0.0,0,0.0,0,0.1956521739130435,0.4,0,0,0.20000000298023224,1,0.7666666507720947,1,-0.1,92,44
7,39,1,"[0.21963702142238617, 0.5340140461921692, 0.24634891748428345]",1.0,0.61,0.0,0,0.0,0,0.5978260869565217,0.4,0,0,0.20000000298023224,1,0.7666666507720947,1,-0.1,92,44
7,40,1,"[0.21901823580265045, 0.5337507724761963, 0.24723097681999207]",1.0,0.6,0.0,0,0.0,0,2.1630434782608696,0.8,0,0,0.20000000298023224,1,0.7666666507720947,1,-0.1,92,44
7,41,2,"[0.21978572010993958, 0.5343555808067322, 0.24585869908332825]",1.0,0.59,0.0,0,0.0,0,0.010869565217391304,0.9,0,0,0.20000000298023224,1,0.7666666507720947,1,-0.05,92,44
7,42,1,"[0.21970988810062408, 0.5343194007873535, 0.24597077071666718]",1.0,0.58,0.0,0,0.0,0,0.532608695652174,1.0,0,0,0.20000000298023224,1,0.7666666507720947,1,-0.1,92,44
7,43,1,"[0.21923094987869263, 0.533692479133606, 0.247076615691185]",1.0,0.57,0.0,0,0.0,0,1.7173913043478262,0.5,0,0,0.20000000298023224,1,0.7666666507720947,1,-0.1,92,44
7,44,0,"[0.21977534890174866, 0.5342206954956055, 0.24600395560264587]",1.0,0.56,0.0,0,0.0,0,0.14130434782608695,0.7,0,0,0.20000000298023224,1,0.7666666507720947,1,0.0,92,44
7,45,0,"[0.2196214199066162, 0.5338161587715149, 0.2465624213218689]",0.8586956521739131,0.55,0.14130434782608695,1,0.6,1,0.20652173913043478,0.8,1,0,0.20000000298023224,1,0.7666666507720947,1,0.0,92,44
7,46,1,"[0.21844211220741272, 0.5324666500091553, 0.24909120798110962]",0.6521739130434783,0.54,0.34782608695652173,2,1.2,2,1.0217391304347827,0.9,1,0,0.20000000298023224,1,0.7666666507720947,1,-0.1,92,44
7,47,2,"[0.21848131716251373, 0.5323311686515808, 0.24918752908706665]",0.6521739130434783,0.53,0.34782608695652173,2,1.0,2,0.8369565217391305,0.7,1,0,0.20000000298023224,1,0.7666666507720947,1,-0.05,92,44
7,48,0,"[0.21818599104881287, 0.5318464040756226, 0.24996760487556458]",0.6521739130434783,0.52,0.34782608695652173,2,0.8,2,1.815217391304348,0.3,1,0,0.20000000298023224,1,0.7666666507720947,1,-0.1,92,44
7,49,0,"[0.21820077300071716, 0.5318805575370789, 0.24991869926452637]",0.6521739130434783,0.51,0.34782608695652173,2,0.6000000000000001,2,1.8478260869565217,0.2,0,0,0.20000000298023224,1,0.7666666507720947,1,-0.1,92,44
7,50,2,"[0.21880710124969482, 0.5325519442558289, 0.24864093959331512]",0.6521739130434783,0.5,0.34782608695652173,2,0.4,2,0.20652173913043478,0.6,0,0,0.20000000298023224,1,0.7666666507720947,1,0.08,92,44
7,51,1,"[0.21911956369876862, 0.5326940417289734, 0.24818634986877441]",0.7934782608695652,0.49,0.20652173913043478,1,0.2,1,0.6847826086956522,0.1,0,0,0.20000000298023224,1,0.7666666507720947,1,-0.1,92,44
7,52,1,"[0.21863342821598053, 0.532638669013977, 0.2487279325723648]",0.7934782608695652,0.48,0.20652173913043478,1,0.1,1,1.9782608695652173,0.9,0,0,0.20000000298023224,1,0.7666666507720947,1,0.09,92,44
7,53,2,"[0.2190033495426178, 0.5334225296974182, 0.24757415056228638]",1.0,0.47,0.0,0,0.0,0,2.119565217391304,0.5,0,0,0.20000000298023224,1,0.7666666507720947,1,-0.05,92,44
7,54,1,"[0.2191692739725113, 0.5333569049835205, 0.24747386574745178]",1.0,0.46,0.0,0,0.0,0,1.7934782608695652,0.2,0,0,0.20000000298023224,1,0.7666666507720947,1,-0.1,92,44
7,55,1,"[0.21901996433734894, 0.5333102941513062, 0.24766971170902252]",1.0,0.45,0.0,0,0.0,0,2.130434782608696,0.3,0,0,0.20000000298023224,1,0.7666666507720947,1,-0.1,92,44
7,56,1,"[0.21963950991630554, 0.5339458584785461, 0.2464146465063095]",1.0,0.44,0.0,0,0.0,0,0.6413043478260869,0.7,0,0,0.20000000298023224,1,0.7666666507720947,1,-0.1,92,44
7,57,1,"[0.21914704144001007, 0.5334006547927856, 0.2474522441625595]",1.0,0.43,0.0,0,0.0,0,1.9130434782608696,0.4,0,0,0.20000000298023224,1,0.7666666507720947,1,-0.1,92,44
7,58,2,"[0.21935005486011505, 0.5333569049835205, 0.24729298055171967]",1.0,0.42,0.0,0,0.0,0,1.3478260869565217,0.1,0,0,0.20000000298023224,1,0.7666666507720947,1,-0.05,92,44
7,59,0,"[0.2196406126022339, 0.5338036417961121, 0.24655582010746002]",1.0,0.41,0.0,0,0.0,0,0.6086956521739131,0.5,0,0,0.20000000298023224,1,0.7666666507720947,1,0.0,92,44
7,60,0,"[0.21799182891845703, 0.5300162434577942, 0.25199198722839355]",0.391304347826087,0.4,0.6086956521739131,1,0.4,1,0.75,0.4,1,0,0.20000000298023224,1,0.7666666507720947,1,-0.1,92,44
7,61,2,"[0.2174709588289261, 0.5295694470405579, 0.25295960903167725]",0.391304347826087,0.39,0.6086956521739131,1,0.3,1,2.0217391304347827,0.4,0,0,0.20000000298023224,1,0.7666666507720947,1,-0.05,92,44
7,62,1,"[0.2174151986837387, 0.5294227004051208, 0.25316208600997925]",0.391304347826087,0.38,0.6086956521739131,1,0.2,1,1.8804347826086956,0.3,0,0,0.20000000298023224,1,0.7666666507720947,1,-0.1,92,44
7,63,2,"[0.21727541089057922, 0.529435932636261, 0.2532886266708374]",0.391304347826087,0.37,0.6086956521739131,1,0.1,1,2.097826086956522,0.6,0,0,0.20000000298023224,1,0.7666666507720947,1,0.51,92,44
7,64,1,"[0.21942584216594696, 0.5334563255310059, 0.24711786210536957]",1.0,0.36,0.0,0,0.0,0,0.9021739130434783,0.4,0,0,0.20000000298023224,1,0.7666666507720947,1,-0.1,92,44
7,65,1,"[0.21975646913051605, 0.533760666847229, 0.24648284912109375]",1.0,0.35,0.0,0,0.0,0,0.03260869565217391,0.1,0,0,0.20000000298023224,1,0.7666666507720947,1,-0.1,92,44
7,66,1,"[0.21927997469902039, 0.5334272980690002, 0.24729277193546295]",1.0,0.34,0.0,0,0.0,0,1.6304347826086956,0.6,0,0,0.20000000298023224,1,0.7666666507720947,1,-0.1,92,44
7,67,2,"[0.21975858509540558, 0.5338942408561707, 0.24634717404842377]",1.0,0.33,0.0,0,0.0,0,0.2826086956521739,0.6,0,0,0.20000000298023224,1,0.7666666507720947,1,-0.05,92,44
7,68,1,"[0.21957865357398987, 0.5335759520530701, 0.24684540927410126]",1.0,0.32,0.0,0,0.0,0,0.8043478260869565,0.4,0,0,0.20000000298023224,1,0.7666666507720947,1,-0.1,92,44
7,69,1,"[0.21932964026927948, 0.5333226919174194, 0.2473476380109787]",1.0,0.31,0.0,0,0.0,0,1.4891304347826086,0.4,0,0,0.20000000298023224,1,0.7666666507720947,1,-0.1,92,44
7,70,0,"[0.2195136994123459, 0.5333360433578491, 0.24715028703212738]",1.0,0.3,0.0,0,0.0,0,0.8260869565217391,0.1,0,0,0.20000000298023224,1,0.7666666507720947,1,0.76,92,44
7,71,2,"[0.21930472552776337, 0.5330920219421387, 0.24760326743125916]",1.0,0.29,0.0,0,0.0,0,1.6956521739130435,0.1,1,0,0.20000000298023224,1,0.7666666507720947,1,-0.05,92,44
7,72,1,"[0.21935272216796875, 0.5332647562026978, 0.2473824918270111]",1.0,0.28,0.0,0,0.0,0,1.5978260869565217,0.4,1,0,0.20000000298023224,1,0.7666666507720947,1,-0.1,92,44
7,73,2,"[0.21945008635520935, 0.5333093404769897, 0.2472405731678009]",1.0,0.27,0.0,0,0.0,0,1.358695652173913,0.4,1,0,0.20000000298023224,1,0.7666666507720947,1,-0.05,92,44
7,74,1,"[0.21976599097251892, 0.5335677266120911, 0.24666628241539001]",1.0,0.26,0.0,0,0.0,0,0.3804347826086957,0.3,1,0,0.20000000298023224,1,0.7666666507720947,1,-0.1,92,44
7,75,0,"[0.21948261559009552, 0.5332457423210144, 0.24727168679237366]",1.0,0.25,0.0,0,0.0,0,1.3043478260869565,0.3,1,0,0.20000000298023224,1,0.7666666507720947,1,-0.1,92,44
7,76,1,"[0.21921782195568085, 0.5333743095397949, 0.2474079430103302]",1.0,0.24,0.0,0,0.0,0,1.8043478260869565,0.8,0,0,0.20000000298023224,1,0.7666666507720947,1,-0.1,92,44
7,77,1,"[0.21965718269348145, 0.5335791707038879, 0.246763676404953]",1.0,0.23,0.0,0,0.0,0,0.4891304347826087,0.4,0,0,0.20000000298023224,1,0.7666666507720947,1,-0.1,92,44
7,78,1,"[0.21962423622608185, 0.5334645509719849, 0.2469112128019333]",1.0,0.22,0.0,0,0.0,0,0.5978260869565217,0.3,0,0,0.20000000298023224,1,0.7666666507720947,1,-0.1,92,44
7,79,1,"[0.2195432037115097, 0.5334420800209045, 0.24701473116874695]",1.0,0.21,0.0,0,0.0,0,0.9239130434782609,0.5,0,0,0.20000000298023224,1,0.7666666507720947,1,-0.1,92,44
7,80,1,"[0.2197669893503189, 0.5337871313095093, 0.24644595384597778]",1.0,0.2,0.0,0,0.0,0,0.31521739130434784,0.7,0,0,0.20000000298023224,1,0.7666666507720947,1,-0.1,92,44
7,81,1,"[0.21945638954639435, 0.533327579498291, 0.24721603095531464]",1.0,0.19,0.0,0,0.0,0,1.173913043478261,0.5,0,0,0.20000000298023224,1,0.7666666507720947,1,-0.1,92,44
7,82,2,"[0.2191198766231537, 0.5328741073608398, 0.2480059564113617]",1.0,0.18,0.0,0,0.0,0,2.0,0.1,0,0,0.20000000298023224,1,0.7666666507720947,1,-0.05,92,44
7,83,1,"[0.21942950785160065, 0.5333953499794006, 0.2471751868724823]",1.0,0.17,0.0,0,0.0,0,1.25,0.7,0,0,0.20000000298023224,1,0.7666666507720947,1,-0.1,92,44
7,84,1,"[0.2197064906358719, 0.5337961316108704, 0.24649746716022491]",1.0,0.16,0.0,0,0.0,0,0.6195652173913043,1.0,0,0,0.20000000298023224,1,0.7666666507720947,1,-0.1,92,44
7,85,1,"[0.2195611298084259, 0.5332179069519043, 0.2472209632396698]",1.0,0.15,0.0,0,0.0,0,0.7065217391304348,0.1,0,0,0.20000000298023224,1,0.7666666507720947,1,-0.1,92,44
7,86,1,"[0.21944856643676758, 0.5331462621688843, 0.24740523099899292]",1.0,0.14,0.0,0,0.0,0,1.076086956521739,0.3,0,0,0.20000000298023224,1,0.7666666507720947,1,-0.1,92,44
7,87,1,"[0.21944254636764526, 0.5332378149032593, 0.24731960892677307]",1.0,0.13,0.0,0,0.0,0,1.1630434782608696,0.5,0,0,0.20000000298023224,1,0.7666666507720947,1,-0.1,92,44
7,88,1,"[0.21948286890983582, 0.5333747863769531, 0.24714228510856628]",1.0,0.12,0.0,0,0.0,0,1.1521739130434783,0.7,0,0,0.20000000298023224,1,0.7666666507720947,1,-0.1,92,44
7,89,1,"[0.21963825821876526, 0.53340083360672, 0.24696084856987]",1.0,0.11,0.0,0,0.0,0,0.5760869565217391,0.4,0,0,0.20000000298023224,1,0.7666666507720947,1,-0.1,92,44
7,90,2,"[0.21971316635608673, 0.5334970951080322, 0.24678976833820343]",1.0,0.1,0.0,0,0.0,0,0.32608695652173914,0.4,0,0,0.20000000298023224,1,0.7666666507720947,1,-0.05,92,44
7,91,2,"[0.2192324697971344, 0.5330672860145569, 0.24770019948482513]",1.0,0.09,0.0,0,0.0,0,1.7282608695652173,0.6,0,0,0.20000000298023224,1,0.7666666507720947,1,-0.05,92,44
7,92,0,"[0.21915195882320404, 0.5330597758293152, 0.24778825044631958]",1.0,0.08,0.0,0,0.0,0,1.8695652173913044,0.7,0,0,0.20000000298023224,1,0.7666666507720947,1,-0.1,92,44
7,93,1,"[0.21963174641132355, 0.5332996845245361, 0.24706852436065674]",1.0,0.07,0.0,0,0.0,0,0.42391304347826086,0.2,0,0,0.20000000298023224,1,0.7666666507720947,1,-0.1,92,44
7,94,1,"[0.21975576877593994, 0.5336065888404846, 0.24663768708705902]",1.0,0.06,0.0,0,0.0,0,0.32608695652173914,0.7,0,0,0.20000000298023224,1,0.7666666507720947,1,-0.1,92,44
7,95,0,"[0.21984697878360748, 0.5338636636734009, 0.2462894171476364]",1.0,0.05,0.0,0,0.0,0,0.09782608695652174,1.0,0,0,0.20000000298023224,1,0.7666666507720947,1,0.0,92,44
7,96,0,"[0.21932122111320496, 0.5330352187156677, 0.24764354526996613]",0.9021739130434783,0.04,0.09782608695652174,1,0.9,1,2.130434782608696,0.9,1,0,0.20000000298023224,1,0.7666666507720947,1,-0.1,92,44
7,97,1,"[0.21984976530075073, 0.5337317585945129, 0.24641850590705872]",0.9021739130434783,0.03,0.09782608695652174,1,0.8,1,0.5108695652173914,0.8,0,0,0.20000000298023224,1,0.7666666507720947,1,-0.1,92,44
7,98,2,"[0.2196599543094635, 0.5331706404685974, 0.2471693903207779]",0.9021739130434783,0.02,0.09782608695652174,1,0.7,1,0.782608695652174,0.2,0,0,0.20000000298023224,1,0.7666666507720947,1,-0.05,92,44
7,99,0,"[0.2197650671005249, 0.533403754234314, 0.24683116376399994]",0.9021739130434783,0.01,0.09782608695652174,1,0.6,1,0.20652173913043478,0.3,0,0,0.20000000298023224,1,0.7666666507720947,1,0.0,92,44
8,0,2,"[0.3117580711841583, 0.19122599065303802, 0.49701592326164246]",1.0,1.0,0.0,0,0.0,0,0.32608695652173914,0.5,0,0,0.20000000298023224,1,0.7666666507720947,1,-0.05,92,44
8,1,0,"[0.219079852104187, 0.5190024971961975, 0.2619176506996155]",1.0,0.99,0.0,0,0.0,0,2.108695652173913,0.4,0,0,0.20000000298023224,1,0.7666666507720947,1,-0.1,92,44
8,2,2,"[0.21919330954551697, 0.5341828465461731, 0.24662387371063232]",1.0,0.98,0.0,0,0.0,0,0.8913043478260869,0.8,0,0,0.20000000298023224,1,0.7666666507720947,1,-0.05,92,44
8,3,2,"[0.2193276584148407, 0.5344398021697998, 0.2462325543165207]",1.0,0.97,0.0,0,0.0,0,1.326086956521739,0.8,0,0,0.20000000298023224,1,0.7666666507720947,1,-0.05,92,44
8,4,1,"[0.2194269448518753, 0.534259557723999, 0.24631348252296448]",1.0,0.96,0.0,0,0.0,0,1.065217391304348,0.3,0,0,0.20000000298023224,1,0.7666666507720947,1,0.0,92,44
8,5,0,"[0.21903552114963531, 0.5342819094657898, 0.24668258428573608]",1.0,0.95,0.0,0,0.0,0,1.5543478260869565,0.5,0,1,0.20000000298023224,1,0.7666666507720947,1,-0.1,92,44
8,6,1,"[0.21934406459331512, 0.5345252156257629, 0.24613070487976074]",1.0,0.94,0.0,0,0.0,0,0.6847826086956522,0.6,0,1,0.20000000298023224,1,0.7666666507720947,1,0.965,92,44
8,7,2,"[0.21920020878314972, 0.5343740582466125, 0.2464257776737213]",1.0,0.93,0.0,0,0.0,0,1.1195652173913044,0.5,0,1,0.20000000298023224,1,0.7666666507720947,1,-0.05,92,44
8,8,1,"[0.2191338688135147, 0.5341096520423889, 0.2467564195394516]",1.0,0.92,0.0,0,0.0,0,1.2282608695652173,0.1,0,1,0.20000000298023224,1,0.7666666507720947,1,1.125,92,44
8,9,1,"[0.2189125120639801, 0.5341488718986511, 0.24693861603736877]",1.0,0.91,0.0,0,0.0,0,1.8369565217391304,0.5,0,1,0.20000000298023224,1,0.7666666507720947,1,0.0,92,44
8,10,2,"[0.21903525292873383, 0.5341259837150574, 0.24683870375156403]",1.0,0.9,0.0,0,0.0,0,1.4782608695652173,0.3,0,1,0.20000000298023224,1,0.7666666507720947,1,-0.05,92,44
8,11,1,"[0.218915194272995, 0.5340272784233093, 0.24705760180950165]",1.0,0.89,0.0,0,0.0,0,1.8043478260869565,0.3,0,1,0.20000000298023224,1,0.7666666507720947,1,0.5,92,44
8,12,0,"[0.2189490646123886, 0.5339615345001221, 0.24708935618400574]",1.0,0.88,0.0,0,0.0,0,2.141304347826087,0.5,0,0,0.20000000298023224,1,0.7666666507720947,1,-0.1,92,44
8,13,1,"[0.21908393502235413, 0.5338858962059021, 0.24703018367290497]",1.0,0.87,0.0,0,0.0,0,1.8695652173913044,0.2,0,0,0.20000000298023224,1,0.7666666507720947,1,1.565,92,44
8,14,1,"[0.21926280856132507, 0.5339192152023315, 0.246817946434021]",1.0,0.86,0.0,0,0.0,0,1.5,0.1,0,0,0.20000000298023224,1,0.7666666507720947,1,-0.1,92,44
8,15,1,"[0.21962134540081024, 0.5342110991477966, 0.24616755545139313]",1.0,0.85,0.0,0,0.0,0,0.43478260869565216,0.2,0,0,0.20000000298023224,1,0.7666666507720947,1,0.0,92,44
8,16,1,"[0.21893545985221863, 0.5341115593910217, 0.24695292115211487]",1.0,0.84,0.0,0,0.0,0,1.8804347826086956,0.6,0,1,0.20000000298023224,1,0.7666666507720947,1,0.29,92,44
8,17,1,"[0.219617560505867, 0.5341526865959167, 0.24622973799705505]",1.0,0.83,0.0,0,0.0,0,0.3695652173913043,0.1,0,0,0.20000000298023224,1,0.7666666507720947,1,0.335,92,44
8,18,1,"[0.21936467289924622, 0.5342260599136353, 0.24640922248363495]",1.0,0.82,0.0,0,0.0,0,0.7391304347826086,0.3,0,1,0.20000000298023224,1,0.7666666507720947,1,0.0,92,44
8,19,2,"[0.21937736868858337, 0.5343780517578125, 0.24624454975128174]",1.0,0.81,0.0,0,0.0,0,0.7065217391304348,0.6,0,1,0.20000000298023224,1,0.7666666507720947,1,-0.05,92,44
8,20,1,"[0.2194119393825531, 0.5343425273895264, 0.24624548852443695]",1.0,0.8,0.0,0,0.0,0,0.6086956521739131,0.5,0,1,0.20000000298023224,1,0.7666666507720947,1,0.665,92,44
8,21,1,"[0.21886183321475983, 0.5337597727775574, 0.2473783642053604]",1.0,0.79,0.0,0,0.0,0,2.130434782608696,0.1,0,1,0.20000000298023224,1,0.7666666507720947,1,1.955,92,44
8,22,0,"[0.21922190487384796, 0.5341919660568237, 0.2465861290693283]",1.0,0.78,0.0,0,0.0,0,1.076086956521739,0.5,0,1,0.20000000298023224,1,0.7666666507720947,1,-0.1,92,44
8,23,1,"[0.21955890953540802, 0.5341373085975647, 0.2463037371635437]",1.0,0.77,0.0,0,0.0,0,0.06521739130434782,0.1,0,1,0.20000000298023224,1,0.7666666507720947,1,0.055,92,44
8,24,0,"[0.21934948861598969, 0.5341873168945312, 0.24646319448947906]",1.0,0.76,0.0,0,0.0,0,0.8043478260869565,0.4,0,1,0.20000000298023224,1,0.7666666507720947,1,0.535,92,44
8,25,1,"[0.2169085294008255, 0.5292878150939941, 0.2538036108016968]",0.1956521739130435,0.75,0.8043478260869565,1,0.3,1,1.4673913043478262,0.8,1,1,0.20000000298023224,1,0.7666666507720947,1,0.0,92,44
8,26,0,"[0.21682192385196686, 0.5292088985443115, 0.2539691627025604]",0.1956521739130435,0.74,0.8043478260869565,1,0.2,1,1.3369565217391304,0.9,1,1,0.20000000298023224,1,0.7666666507720947,1,-0.1,92,44
8,27,1,"[0.21676188707351685, 0.5291420221328735, 0.25409606099128723]",0.1956521739130435,0.73,0.8043478260869565,1,0.1,1,1.0326086956521738,0.7,0,1,0.20000000298023224,1,0.7666666507720947,1,0.64,92,44
8,28,1,"[0.21911859512329102, 0.5338184237480164, 0.24706296622753143]",1.0,0.72,0.0,0,0.0,0,1.5978260869565217,0.6,0,0,0.20000000298023224,1,0.7666666507720947,1,-0.1,92,44
8,29,1,"[0.21918180584907532, 0.5338132381439209, 0.2470049262046814]",1.0,0.71,0.0,0,0.0,0,1.7173913043478262,0.4,0,0,0.20000000298023224,1,0.7666666507720947,1,-0.1,92,44
8,30,2,"[0.21924318373203278, 0.5341240763664246, 0.24663278460502625]",1.0,0.7,0.0,0,0.0,0,1.6521739130434783,1.0,0,0,0.20000000298023224,1,0.7666666507720947,1,-0.05,92,44
8,31,1,"[0.21899767220020294, 0.5336422324180603, 0.24736003577709198]",1.0,0.69,0.0,0,0.0,0,2.152173913043478,0.3,0,0,0.20000000298023224,1,0.7666666507720947,1,-0.1,92,44
8,32,0,"[0.21921822428703308, 0.5337468385696411, 0.2470349371433258]",1.0,0.68,0.0,0,0.0,0,1.6304347826086956,0.3,0,0,0.20000000298023224,1,0.7666666507720947,1,1.21,92,44
8,33,1,"[0.2189934104681015, 0.5339193344116211, 0.2470872700214386]",1.0,0.67,0.0,0,0.0,0,2.1630434782608696,1.0,0,0,0.20000000298023224,1,0.7666666507720947,1,-0.1,92,44
8,34,2,"[0.21946866810321808, 0.534241795539856, 0.24628950655460358]",1.0,0.66,0.0,0,0.0,0,1.1521739130434783,1.0,0,0,0.20000000298023224,1,0.7666666507720947,1,-0.05,92,44
8,35,1,"[0.21932107210159302, 0.5338593125343323, 0.2468196451663971]",1.0,0.65,0.0,0,0.0,0,1.4673913043478262,0.5,0,0,0.20000000298023224,1,0.7666666507720947,1,-0.1,92,44
8,36,1,"[0.21955837309360504, 0.5338354110717773, 0.24660621583461761]",1.0,0.64,0.0,0,0.0,0,0.6956521739130435,0.1,0,0,0.20000000298023224,1,0.7666666507720947,1,-0.1,92,44
8,37,1,"[0.2194836437702179, 0.5341948866844177, 0.246321439743042]",1.0,0.63,0.0,0,0.0,0,1.184782608695652,1.0,0,0,0.20000000298023224,1,0.7666666507720947,1,-0.1,92,44
8,38,2,"[0.21937775611877441, 0.5340133905410767, 0.24660883843898773]",1.0,0.62,0.0,0,0.0,0,1.391304347826087,0.8,0,0,0.20000000298023224,1,0.7666666507720947,1,-0.05,92,44
8,39,1,"[0.21923968195915222, 0.5337528586387634, 0.24700742959976196]",1.0,0.61,0.0,0,0.0,0,1.6521739130434783,0.5,0,0,0.20000000298023224,1,0.7666666507720947,1,-0.1,92,44
8,40,1,"[0.21943973004817963, 0.5337315797805786, 0.24682869017124176]",1.0,0.6,0.0,0,0.0,0,1.065217391304348,0.2,0,0,0.20000000298023224,1,0.7666666507720947,1,-0.1,92,44
8,41,2,"[0.21905623376369476, 0.5338009595870972, 0.24714279174804688]",1.0,0.59,0.0,0,0.0,0,2.0652173913043477,0.9,0,0,0.20000000298023224,1,0.7666666507720947,1,-0.05,92,44
8,42,1,"[0.21973831951618195, 0.5343547463417053, 0.2459069937467575]",1.0,0.58,0.0,0,0.0,0,0.2391304347826087,1.0,0,0,0.20000000298023224,1,0.7666666507720947,1,0.0,92,44
8,43,1,"[0.2190553992986679, 0.5335639715194702, 0.24738062918186188]",1.0,0.57,0.0,0,0.0,0,1.641304347826087,0.1,0,1,0.20000000298023224,1,0.7666666507720947,1,-0.1,92,44
8,44,1,"[0.219559445977211, 0.5340847373008728, 0.246355801820755]",1.0,0.56,0.0,0,0.0,0,0.8586956521739131,0.8,0,0,0.20000000298023224,1,0.7666666507720947,1,-0.1,92,44
8,45,2,"[0.21929554641246796, 0.5336547493934631, 0.24704968929290771]",1.0,0.55,0.0,0,0.0,0,1.5543478260869565,0.4,0,0,0.20000000298023224,1,0.7666666507720947,1,-0.05,92,44
8,46,1,"[0.21913228929042816, 0.5336888432502747, 0.2471788376569748]",1.0,0.54,0.0,0,0.0,0,1.891304347826087,0.7,0,0,0.20000000298023224,1,0.7666666507720947,1,-0.1,92,44
8,47,2,"[0.21955816447734833, 0.5340436697006226, 0.2463981807231903]",1.0,0.53,0.0,0,0.0,0,0.9021739130434783,0.8,0,0,0.20000000298023224,1,0.7666666507720947,1,-0.05,92,44
8,48,2,"[0.2195734977722168, 0.534035861492157, 0.2463906854391098]",1.0,0.52,0.0,0,0.0,0,0.9239130434782609,0.8,0,0,0.20000000298023224,1,0.7666666507720947,1,-0.05,92,44
8,49,2,"[0.21937419474124908, 0.5336951613426208, 0.24693067371845245]",1.0,0.51,0.0,0,0.0,0,1.358695652173913,0.5,0,0,0.20000000298023224,1,0.7666666507720947,1,-0.05,92,44
8,50,1,"[0.2194918990135193, 0.5339381098747253, 0.24656997621059418]",1.0,0.5,0.0,0,0.0,0,1.1195652173913044,0.8,0,0,0.20000000298023224,1,0.7666666507720947,1,-0.1,92,44
8,51,1,"[0.2196407914161682, 0.5337717533111572, 0.24658739566802979]",1.0,0.49,0.0,0,0.0,0,0.532608695652174,0.2,0,0,0.20000000298023224,1,0.7666666507720947,1,0.07,92,44
8,52,1,"[0.21924510598182678, 0.5337738394737244, 0.24698098003864288]",1.0,0.48,0.0,0,0.0,0,1.7173913043478262,0.9,0,0,0.20000000298023224,1,0.7666666507720947,1,-0.1,92,44
8,53,2,"[0.2197774350643158, 0.5339306592941284, 0.246291846036911]",1.0,0.47,0.0,0,0.0,0,0.010869565217391304,0.2,0,0,0.20000000298023224,1,0.7666666507720947,1,-0.05,92,44
8,54,0,"[0.21951071918010712, 0.533575177192688, 0.2469141036272049]",1.0,0.46,0.0,0,0.0,0,0.9239130434782609,0.2,0,0,0.20000000298023224,1,0.7666666507720947,1,0.0,92,44
8,55,0,"[0.21696113049983978, 0.5280943512916565, 0.25494450330734253]",0.07608695652173914,0.45,0.9239130434782609,1,0.1,1,0.358695652173913,1.0,1,0,0.20000000298023224,1,0.7666666507720947,1,0.75,92,44
8,56,1,"[0.21893906593322754, 0.5335137844085693, 0.24754714965820312]",1.0,0.44,0.0,0,0.0,0,2.152173913043478,1.0,0,0,0.20000000298023224,1,0.7666666507720947,1,-0.1,92,44
8,57,1,"[0.21971440315246582, 0.5339744687080383, 0.24631111323833466]",1.0,0.43,0.0,0,0.0,0,0.3695652173913043,0.6,0,0,0.20000000298023224,1,0.7666666507720947,1,-0.1,92,44
8,58,1,"[0.219317227602005, 0.5334758162498474, 0.24720697104930878]",1.0,0.42,0.0,0,0.0,0,1.5326086956521738,0.4,0,0,0.20000000298023224,1,0.7666666507720947,1,-0.1,92,44
8,59,2,"[0.21942400932312012, 0.5335992574691772, 0.2469768077135086]",1.0,0.41,0.0,0,0.0,0,1.2065217391304348,0.5,0,0,0.20000000298023224,1,0.7666666507720947,1,-0.05,92,44
8,60,1,"[0.21982170641422272, 0.5340026617050171, 0.2461756020784378]",1.0,0.4,0.0,0,0.0,0,0.021739130434782608,0.5,0,0,0.20000000298023224,1,0.7666666507720947,1,-0.1,92,44
8,61,1,"[0.21982735395431519, 0.5339899063110352, 0.24618275463581085]",1.0,0.39,0.0,0,0.0,0,0.07608695652173914,0.5,0,0,0.20000000298023224,1,0.7666666507720947,1,-0.1,92,44
8,62,2,"[0.2191755324602127, 0.5332343578338623, 0.2475900799036026]",1.0,0.38,0.0,0,0.0,0,1.8804347826086956,0.2,0,0,0.20000000298023224,1,0.7666666507720947,1,-0.05,92,44
8,63,0,"[0.2194175124168396, 0.533645749092102, 0.24693670868873596]",1.0,0.37,0.0,0,0.0,0,1.2826086956521738,0.7,0,0,0.20000000298023224,1,0.7666666507720947,1,-0.1,92,44
8,64,1,"[0.2194206714630127, 0.533741295337677, 0.2468380331993103]",1.0,0.36,0.0,0,0.0,0,1.391304347826087,0.9,0,0,0.20000000298023224,1,0.7666666507720947,1,-0.1,92,44
8,65,2,"[0.21933989226818085, 0.5333480834960938, 0.2473120242357254]",1.0,0.35,0.0,0,0.0,0,1.4456521739130435,0.3,0,0,0.20000000298023224,1,0.7666666507720947,1,-0.05,92,44
8,66,1,"[0.21970023214817047, 0.5339176654815674, 0.24638216197490692]",1.0,0.34,0.0,0,0.0,0,0.5543478260869565,0.8,0,0,0.20000000298023224,1,0.7666666507720947,1,-0.1,92,44
8,67,1,"[0.21944086253643036, 0.5333456993103027, 0.2472134530544281]",1.0,0.33,0.0,0,0.0,0,1.1630434782608696,0.2,0,0,0.20000000298023224,1,0.7666666507720947,1,-0.1,92,44
8,68,1,"[0.21969808638095856, 0.5336817502975464, 0.24662014842033386]",1.0,0.32,0.0,0,0.0,0,0.34782608695652173,0.3,0,0,0.20000000298023224,1,0.7666666507720947,1,-0.1,92,44
8,69,1,"[0.2196928858757019, 0.5339045524597168, 0.2464025467634201]",1.0,0.31,0.0,0,0.0,0,0.6630434782608695,0.9,0,0,0.20000000298023224,1,0.7666666507720947,1,-0.1,92,44
8,70,1,"[0.21959099173545837, 0.5336148142814636, 0.24679426848888397]",1.0,0.3,0.0,0,0.0,0,0.8152173913043478,0.5,0,0,0.20000000298023224,1,0.7666666507720947,1,-0.1,92,44
8,71,1,"[0.2196153849363327, 0.5335834622383118, 0.24680107831954956]",1.0,0.29,0.0,0,0.0,0,0.6739130434782609,0.4,0,0,0.20000000298023224,1,0.7666666507720947,1,-0.1,92,44
8,72,2,"[0.21931768953800201, 0.5333815813064575, 0.24730069935321808]",1.0,0.28,0.0,0,0.0,0,1.5434782608695652,0.6,0,0,0.20000000298023224,1,0.7666666507720947,1,-0.05,92,44
8,73,1,"[0.21913622319698334, 0.5332669019699097, 0.2475968599319458]",1.0,0.27,0.0,0,0.0,0,1.934782608695652,0.6,0,0,0.20000000298023224,1,0.7666666507720947,1,-0.1,92,44
8,74,1,"[0.219621941447258, 0.5337012410163879, 0.24667681753635406]",1.0,0.26,0.0,0,0.0,0,0.717391304347826,0.7,0,0,0.20000000298023224,1,0.7666666507720947,1,-0.1,92,44
8,75,0,"[0.21931925415992737, 0.5332925319671631, 0.24738822877407074]",1.0,0.25,0.0,0,0.0,0,1.5217391304347827,0.5,0,0,0.20000000298023224,1,0.7666666507720947,1,-0.1,92,44
8,76,2,"[0.21957196295261383, 0.53361576795578, 0.24681226909160614]",1.0,0.24,0.0,0,0.0,0,0.8913043478260869,0.7,0,0,0.20000000298023224,1,0.7666666507720947,1,-0.05,92,44
8,77,1,"[0.21973231434822083, 0.533906877040863, 0.24636073410511017]",1.0,0.23,0.0,0,0.0,0,0.5434782608695652,1.0,0,0,0.20000000298023224,1,0.7666666507720947,1,-0.1,92,44
8,78,1,"[0.21973033249378204, 0.533576488494873, 0.24669325351715088]",1.0,0.22,0.0,0,0.0,0,0.16304347826086957,0.1,0,0,0.20000000298023224,1,0.7666666507720947,1,-0.1,92,44
8,79,1,"[0.21931339800357819, 0.5332781076431274, 0.24740850925445557]",1.0,0.21,0.0,0,0.0,0,1.5434782608695652,0.6,0,0,0.20000000298023224,1,0.7666666507720947,1,-0.1,92,44
8,80,1,"[0.21967294812202454, 0.5336776375770569, 0.24664939939975739]",1.0,0.2,0.0,0,0.0,0,0.5869565217391305,0.7,0,0,0.20000000298023224,1,0.7666666507720947,1,-0.1,92,44
8,81,1,"[0.21960800886154175, 0.5334938168525696, 0.24689817428588867]",1.0,0.19,0.0,0,0.0,0,0.75,0.5,0,0,0.20000000298023224,1,0.7666666507720947,1,-0.1,92,44
8,82,2,"[0.21910350024700165, 0.5329117178916931, 0.24798484146595]",1.0,0.18,0.0,0,0.0,0,2.032608695652174,0.2,0,0,0.20000000298023224,1,0.7666666507720947,1,-0.05,92,44
8,83,0,"[0.21904172003269196, 0.5331212282180786, 0.247837096452713]",1.0,0.17,0.0,0,0.0,0,2.108695652173913,0.7,0,0,0.20000000298023224,1,0.7666666507720947,1,-0.1,92,44
8,84,2,"[0.2191743105649948, 0.5329853892326355, 0.24784034490585327]",1.0,0.16,0.0,0,0.0,0,1.815217391304348,0.3,0,0,0.20000000298023224,1,0.7666666507720947,1,-0.05,92,44
8,85,1,"[0.21969731152057648, 0.5336132049560547, 0.24668937921524048]",1.0,0.15,0.0,0,0.0,0,0.42391304347826086,0.6,0,0,0.20000000298023224,1,0.7666666507720947,1,-0.1,92,44
8,86,0,"[0.2198110669851303, 0.5337526202201843, 0.24643634259700775]",1.0,0.14,0.0,0,0.0,0,0.11956521739130435,0.6,0,0,0.20000000298023224,1,0.7666666507720947,1,0.0,92,44
8,87,1,"[0.21968206763267517, 0.5331194400787354, 0.24719847738742828]",0.8804347826086957,0.13,0.11956521739130435,1,0.5,1,0.25,0.2,1,0,0.20000000298023224,1,0.7666666507720947,1,-0.1,92,44
8,88,2,"[0.21963945031166077, 0.5332860946655273, 0.2470744103193283]",0.8804347826086957,0.12,0.11956521739130435,1,0.4,1,0.4782608695652174,0.8,1,0,0.20000000298023224,1,0.7666666507720947,1,-0.05,92,44
8,89,1,"[0.21967512369155884, 0.5333228707313538, 0.24700196087360382]",0.8804347826086957,0.11,0.11956521739130435,1,0.3,1,0.25,0.8,1,0,0.20000000298023224,1,0.7666666507720947,1,-0.1,92,44
8,90,1,"[0.2191469818353653, 0.5322518944740295, 0.2486010640859604]",0.8804347826086957,0.1,0.11956521739130435,1,0.2,1,1.5978260869565217,0.1,1,0,0.20000000298023224,1,0.7666666507720947,1,-0.1,92,44
8,91,0,"[0.21888725459575653, 0.5320215821266174, 0.24909107387065887]",0.8804347826086957,0.09,0.11956521739130435,1,0.1,1,2.032608695652174,0.1,1,0,0.20000000298023224,1,0.7666666507720947,1,0.01,92,44
8,92,1,"[0.21937550604343414, 0.5332173109054565, 0.24740716814994812]",1.0,0.08,0.0,0,0.0,0,1.3804347826086956,0.7,0,0,0.20000000298023224,1,0.7666666507720947,1,-0.1,92,44
8,93,2,"[0.21976158022880554, 0.5335948467254639, 0.246643528342247]",1.0,0.07,0.0,0,0.0,0,0.16304347826086957,0.5,0,0,0.20000000298023224,1,0.7666666507720947,1,-0.05,92,44
8,94,2,"[0.2196304202079773, 0.5332536101341248, 0.24711596965789795]",1.0,0.06,0.0,0,0.0,0,0.5108695652173914,0.2,0,0,0.20000000298023224,1,0.7666666507720947,1,-0.05,92,44
8,95,2,"[0.2196960598230362, 0.5333799123764038, 0.24692405760288239]",1.0,0.05,0.0,0,0.0,0,0.22826086956521738,0.2,0,0,0.20000000298023224,1,0.7666666507720947,1,-0.05,92,44
8,96,1,"[0.21942934393882751, 0.5333022475242615, 0.24726836383342743]",1.0,0.04,0.0,0,0.0,0,1.3695652173913044,0.9,0,0,0.20000000298023224,1,0.7666666507720947,1,-0.1,92,44
8,97,0,"[0.21954812109470367, 0.5334673523902893, 0.24698446691036224]",1.0,0.03,0.0,0,0.0,0,1.076086956521739,1.0,0,0,0.20000000298023224,1,0.7666666507720947,1,-0.1,92,44
8,98,1,"[0.2196812927722931, 0.5333266258239746, 0.24699202179908752]",1.0,0.02,0.0,0,0.0,0,0.20652173913043478,0.1,0,0,0.20000000298023224,1,0.7666666507720947,1,-0.1,92,44
8,99,2,"[0.21957115828990936, 0.5333956480026245, 0.24703314900398254]",1.0,0.01,0.0,0,0.0,0,0.9782608695652174,0.9,0,0,0.20000000298023224,1,0.7666666507720947,1,-0.05,92,44
9,0,0,"[0.3119349777698517, 0.1910625398159027, 0.497002512216568]",1.0,1.0,0.0,0,0.0,0,0.8152173913043478,0.2,0,0,0.20000000298023224,1,0.7666666507720947,1,0.0,92,44
9,1,2,"[0.21735183894634247, 0.5117735266685486, 0.2708747088909149]",0.18478260869565216,0.99,0.8152173913043478,1,0.1,1,0.043478260869565216,0.8,1,0,0.20000000298023224,1,0.7666666507720947,1,0.7000000000000001,92,44
9,2,2,"[0.2190747857093811, 0.533652126789093, 0.2472730576992035]",1.0,0.98,0.0,0,0.0,0,0.8043478260869565,0.3,1,0,0.20000000298023224,1,0.7666666507720947,1,-0.05,92,44
9,3,0,"[0.21944193542003632, 0.5344232320785522, 0.2461349070072174]",1.0,0.97,0.0,0,0.0,0,0.8152173913043478,1.0,1,0,0.20000000298023224,1,0.7666666507720947,1,0.0,92,44
9,4,0,"[0.21694834530353546, 0.5293838977813721, 0.2536677122116089]",0.18478260869565216,0.96,0.8152173913043478,1,0.9,1,1.9130434782608696,0.5,1,0,0.20000000298023224,1,0.7666666507720947,1,-0.1,92,44
9,5,0,"[0.2173420786857605, 0.5303006172180176, 0.2523573040962219]",0.18478260869565216,0.95,0.8152173913043478,1,0.8,1,0.9565217391304348,1.0,0,0,0.20000000298023224,1,0.7666666507720947,1,-0.1,92,44
9,6,1,"[0.21728795766830444, 0.5298894047737122, 0.2528226673603058]",0.18478260869565216,0.94,0.8152173913043478,1,0.7,1,1.184782608695652,0.5,0,0,0.20000000298023224,1,0.7666666507720947,1,0.0,92,44
9,7,2,"[0.21727652847766876, 0.5298197269439697, 0.2529037296772003]",0.18478260869565216,0.93,0.8152173913043478,1,0.6,1,0.5,0.5,0,1,0.20000000298023224,1,0.7666666507720947,1,-0.05,92,44
9,8,2,"[0.21701021492481232, 0.5298972725868225, 0.25309252738952637]",0.18478260869565216,0.92,0.8152173913043478,1,0.5,1,0.9239130434782609,0.9,0,1,0.20000000298023224,1,0.7666666507720947,1,-0.05,92,44
9,9,1,"[0.21685704588890076, 0.5293248891830444, 0.2538180351257324]",0.18478260869565216,0.91,0.8152173913043478,1,0.4,1,0.9782608695652174,0.3,0,1,0.20000000298023224,1,0.7666666507720947,1,-0.1,92,44
9,10,2,"[0.21742753684520721, 0.5295947790145874, 0.2529776394367218]",0.18478260869565216,0.9,0.8152173913043478,1,0.3,1,0.16304347826086957,0.4,0,0,0.20000000298023224,1,0.7666666507720947,1,1.0150000000000001,92,44
9,11,1,"[0.21706348657608032, 0.529475748538971, 0.2534607946872711]",0.18478260869565216,0.89,0.8152173913043478,1,0.2,1,0.9021739130434783,0.6,0,0,0.20000000298023224,1,0.7666666507720947,1,0.0,92,44
9,12,1,"[0.21662138402462006, 0.529350221157074, 0.2540283501148224]",0.18478260869565216,0.88,0.8152173913043478,1,0.1,1,1.1956521739130435,0.8,0,1,0.20000000298023224,1,0.7666666507720947,1,0.75,92,44
9,13,2,"[0.2189224511384964, 0.5341184139251709, 0.2469591349363327]",1.0,0.87,0.0,0,0.0,0,1.5108695652173914,0.6,0,1,0.20000000298023224,1,0.7666666507720947,1,-0.05,92,44
9,14,0,"[0.21901391446590424, 0.5342577695846558, 0.2467283308506012]",1.0,0.86,0.0,0,0.0,0,1.608695652173913,0.7,0,1,0.20000000298023224,1,0.7666666507720947,1,-0.1,92,44
9,15,1,"[0.21890214085578918, 0.5339128375053406, 0.24718508124351501]",1.0,0.85,0.0,0,0.0,0,1.858695652173913,0.2,0,1,0.20000000298023224,1,0.7666666507720947,1,0.0,92,44
9,16,1,"[0.2193048596382141, 0.5341736674308777, 0.246521458029747]",1.0,0.84,0.0,0,0.0,0,0.7608695652173914,0.2,0,1,0.20000000298023224,1,0.7666666507720947,1,2.5,92,44
9,17,0,"[0.21929144859313965, 0.5343469977378845, 0.2463615983724594]",1.0,0.83,0.0,0,0.0,0,0.9239130434782609,0.6,0,1,0.20000000298023224,1,0.7666666507720947,1,0.6900000000000001,92,44
9,18,0,"[0.21664093434810638, 0.528592586517334, 0.2547665238380432]",0.07608695652173914,0.82,0.9239130434782609,1,0.5,1,1.4021739130434783,0.6,1,1,0.20000000298023224,1,0.7666666507720947,1,-0.1,92,44
9,19,1,"[0.21700529754161835, 0.5286486148834229, 0.2543460428714752]",0.07608695652173914,0.81,0.9239130434782609,1,0.4,1,0.09782608695652174,0.4,0,1,0.20000000298023224,1,0.7666666507720947,1,1.06,92,44
9,20,1,"[0.2163492888212204, 0.5286390781402588, 0.2550116181373596]",0.07608695652173914,0.8,0.9239130434782609,1,0.3,1,1.3804347826086956,0.9,0,1,0.20000000298023224,1,0.7666666507720947,1,-0.1,92,44
9,21,2,"[0.21669359505176544, 0.5285850167274475, 0.25472137331962585]",0.07608695652173914,0.79,0.9239130434782609,1,0.2,1,0.8369565217391305,0.8,0,0,0.20000000298023224,1,0.7666666507720947,1,-0.05,92,44
9,22,0,"[0.21635384857654572, 0.5283493399620056, 0.25529685616493225]",0.07608695652173914,0.78,0.9239130434782609,1,0.1,1,1.391304347826087,1.0,0,0,0.20000000298023224,1,0.7666666507720947,1,0.8200000000000001,92,44
9,23,1,"[0.2193460464477539, 0.5337871313095093, 0.24686677753925323]",1.0,0.77,0.0,0,0.0,0,0.8804347826086957,0.1,0,0,0.20000000298023224,1,0.7666666507720947,1,0.805,92,44
9,24,1,"[0.2192756086587906, 0.5341405272483826, 0.24658386409282684]",1.0,0.76,0.0,0,0.0,0,0.9782608695652174,0.4,0,1,0.20000000298023224,1,0.7666666507720947,1,0.0,92,44
9,25,2,"[0.21941272914409637, 0.5344661474227905, 0.24612116813659668]",1.0,0.75,0.0,0,0.0,0,0.6739130434782609,0.9,0,1,0.20000000298023224,1,0.7666666507720947,1,-0.05,92,44
9,26,1,"[0.21926477551460266, 0.5340670943260193, 0.24666814506053925]",1.0,0.74,0.0,0,0.0,0,1.0108695652173914,0.3,0,1,0.20000000298023224,1,0.7666666507720947,1,-0.1,92,44
9,27,0,"[0.21915695071220398, 0.5337824821472168, 0.247060626745224]",1.0,0.73,0.0,0,0.0,0,1.7717391304347827,0.3,0,0,0.20000000298023224,1,0.7666666507720947,1,0.78,92,44
9,28,1,"[0.21928177773952484, 0.5339261889457703, 0.24679206311702728]",1.0,0.72,0.0,0,0.0,0,1.5,0.5,0,0,0.20000000298023224,1,0.7666666507720947,1,0.0,92,44
9,29,1,"[0.21909604966640472, 0.5339576005935669, 0.246946319937706]",1.0,0.71,0.0,0,0.0,0,1.4456521739130435,0.4,0,1,0.20000000298023224,1,0.7666666507720947,1,0.0,92,44
9,30,0,"[0.21927645802497864, 0.5341223478317261, 0.2466011345386505]",1.0,0.7,0.0,0,0.0,0,1.0,0.5,0,1,0.20000000298023224,1,0.7666666507720947,1,0.0,92,44
9,31,1,"[0.21643060445785522, 0.5278228521347046, 0.2557465434074402]",0.0,0.69,1.0,1,0.4,1,1.3043478260869565,0.6,1,1,0.20000000298023224,1,0.7666666507720947,1,-0.1,92,44
9,32,1,"[0.21685689687728882, 0.5275991559028625, 0.25554394721984863]",0.0,0.68,1.0,1,0.3,1,0.021739130434782608,0.3,1,0,0.20000000298023224,1,0.7666666507720947,1,2.665,92,44
9,33,2,"[0.2164052277803421, 0.5277466177940369, 0.25584813952445984]",0.0,0.67,1.0,1,0.2,1,0.9347826086956522,0.9,1,1,0.20000000298023224,1,0.7666666507720947,1,-0.05,92,44
9,34,1,"[0.21629402041435242, 0.5274019241333008, 0.2563040554523468]",0.0,0.66,1.0,1,0.1,1,0.9891304347826086,0.5,1,1,0.20000000298023224,1,0.7666666507720947,1,0.8250000000000001,92,44
9,35,2,"[0.21939359605312347, 0.5336228013038635, 0.2469836175441742]",1.0,0.65,0.0,0,0.0,0,0.9239130434782609,0.2,1,0,0.20000000298023224,1,0.7666666507720947,1,-0.05,92,44
9,36,1,"[0.21941033005714417, 0.5338271856307983, 0.24676242470741272]",1.0,0.64,0.0,0,0.0,0,1.3369565217391304,0.5,1,0,0.20000000298023224,1,0.7666666507720947,1,-0.1,92,44
9,37,1,"[0.21947161853313446, 0.5338970422744751, 0.24663136899471283]",1.0,0.63,0.0,0,0.0,0,1.184782608695652,0.6,1,0,0.20000000298023224,1,0.7666666507720947,1,-0.1,92,44
9,38,1,"[0.21962670981884003, 0.5338908433914185, 0.2464824616909027]",1.0,0.62,0.0,0,0.0,0,0.6304347826086957,0.4,1,0,0.20000000298023224,1,0.7666666507720947,1,-0.1,92,44
9,39,1,"[0.2195076048374176, 0.5336704850196838, 0.24682186543941498]",1.0,0.61,0.0,0,0.0,0,1.1195652173913044,0.1,1,0,0.20000000298023224,1,0.7666666507720947,1,-0.1,92,44
9,40,1,"[0.21940010786056519, 0.5337184071540833, 0.24688148498535156]",1.0,0.6,0.0,0,0.0,0,1.4130434782608696,0.4,1,0,0.20000000298023224,1,0.7666666507720947,1,-0.1,92,44
9,41,0,"[0.21967002749443054, 0.5341536402702332, 0.2461763471364975]",1.0,0.59,0.0,0,0.0,0,0.532608695652174,1.0,1,0,0.20000000298023224,1,0.7666666507720947,1,0.0,92,44
9,42,1,"[0.2184300720691681, 0.5314210653305054, 0.25014886260032654]",0.4673913043478261,0.58,0.532608695652174,1,0.9,1,0.7608695652173914,0.8,1,0,0.20000000298023224,1,0.7666666507720947,1,-0.1,92,44
9,43,1,"[0.21845662593841553, 0.5312933921813965, 0.25025010108947754]",0.4673913043478261,0.57,0.532608695652174,1,0.8,1,0.29347826086956524,0.6,1,0,0.20000000298023224,1,0.7666666507720947,1,-0.1,92,44
9,44,2,"[0.218337282538414, 0.5310789942741394, 0.2505837082862854]",0.4673913043478261,0.56,0.532608695652174,1,0.7,1,0.6739130434782609,0.6,1,0,0.20000000298023224,1,0.7666666507720947,1,-0.05,92,44
9,45,1,"[0.21845145523548126, 0.5310272574424744, 0.25052130222320557]",0.4673913043478261,0.55,0.532608695652174,1,0.6,1,0.15217391304347827,0.3,1,0,0.20000000298023224,1,0.7666666507720947,1,-0.1,92,44
9,46,0,"[0.21813525259494781, 0.5309744477272034, 0.2508903741836548]",0.4673913043478261,0.54,0.532608695652174,1,0.5,1,1.0978260869565217,0.9,1,0,0.20000000298023224,1,0.7666666507720947,1,-0.1,92,44
9,47,1,"[0.217779740691185, 0.530828595161438, 0.2513917088508606]",0.4673913043478261,0.53,0.532608695652174,1,0.4,1,2.0434782608695654,0.9,0,0,0.20000000298023224,1,0.7666666507720947,1,-0.1,92,44
9,48,0,"[0.21832284331321716, 0.5309309363365173, 0.2507462203502655]",0.4673913043478261,0.52,0.532608695652174,1,0.3,1,0.44565217391304346,0.2,0,0,0.20000000298023224,1,0.7666666507720947,1,0.0,92,44
9,49,2,"[0.21636097133159637, 0.5281021595001221, 0.25553688406944275]",0.021739130434782608,0.51,0.9782608695652174,2,0.30000000000000004,2,2.0434782608695654,0.7,1,0,0.20000000298023224,1,0.7666666507720947,1,0.36,92,44
9,50,2,"[0.21772710978984833, 0.5301027894020081, 0.2521701753139496]",0.4673913043478261,0.5,0.532608695652174,1,0.1,1,1.25,0.4,1,0,0.20000000298023224,1,0.7666666507720947,1,0.44,92,44
9,51,1,"[0.21971288323402405, 0.5339170694351196, 0.24637003242969513]",1.0,0.49,0.0,0,0.0,0,0.043478260869565216,0.6,1,0,0.20000000298023224,1,0.7666666507720947,1,0.0,92,44
9,52,1,"[0.21954570710659027, 0.5340612530708313, 0.24639305472373962]",1.0,0.48,0.0,0,0.0,0,1.0108695652173914,0.8,1,1,0.20000000298023224,1,0.7666666507720947,1,-0.1,92,44
9,53,1,"[0.21932905912399292, 0.5333626866340637, 0.24730826914310455]",1.0,0.47,0.0,0,0.0,0,1.684782608695652,0.1,1,0,0.20000000298023224,1,0.7666666507720947,1,-0.1,92,44
9,54,1,"[0.21970051527023315, 0.5340357422828674, 0.246263787150383]",1.0,0.46,0.0,0,0.0,0,0.5543478260869565,1.0,1,0,0.20000000298023224,1,0.7666666507720947,1,-0.1,92,44
9,55,1,"[0.21927779912948608, 0.533640444278717, 0.24708180129528046]",1.0,0.45,0.0,0,0.0,0,1.858695652173913,0.8,1,0,0.20000000298023224,1,0.7666666507720947,1,-0.1,92,44
9,56,1,"[0.21962393820285797, 0.5335528254508972, 0.2468232363462448]",1.0,0.44,0.0,0,0.0,0,0.7391304347826086,0.1,1,0,0.20000000298023224,1,0.7666666507720947,1,-0.09,92,44
9,57,2,"[0.21928703784942627, 0.5334237217903137, 0.24728929996490479]",1.0,0.43,0.0,0,0.0,0,1.7934782608695652,0.4,1,0,0.20000000298023224,1,0.7666666507720947,1,-0.05,92,44
9,58,0,"[0.21932457387447357, 0.5333373546600342, 0.24733805656433105]",1.0,0.42,0.0,0,0.0,0,1.684782608695652,0.2,1,0,0.20000000298023224,1,0.7666666507720947,1,-0.1,92,44
9,59,2,"[0.21976704895496368, 0.5339395403862, 0.24629344046115875]",1.0,0.41,0.0,0,0.0,0,0.2608695652173913,0.5,0,0,0.20000000298023224,1,0.7666666507720947,1,-0.05,92,44
9,60,2,"[0.21938201785087585, 0.5334860682487488, 0.24713191390037537]",1.0,0.4,0.0,0,0.0,0,1.358695652173913,0.4,0,0,0.20000000298023224,1,0.7666666507720947,1,-0.05,92,44
9,61,0,"[0.21979880332946777, 0.5340871214866638, 0.24611414968967438]",1.0,0.39,0.0,0,0.0,0,0.1956521739130435,0.8,0,0,0.20000000298023224,1,0.7666666507720947,1,0.0,92,44
9,62,1,"[0.21924887597560883, 0.5328027606010437, 0.2479482740163803]",0.8043478260869565,0.38,0.1956521739130435,1,0.7,1,1.2173913043478262,0.4,1,0,0.20000000298023224,1,0.7666666507720947,1,-0.1,92,44
9,63,1,"[0.21910004317760468, 0.5324975252151489, 0.2484024167060852]",0.8043478260869565,0.37,0.1956521739130435,1,0.6,1,1.5434782608695652,0.2,1,0,0.20000000298023224,1,0.7666666507720947,1,-0.1,92,44
9,64,0,"[0.21946962177753448, 0.5330069065093994, 0.2475234568119049]",0.8043478260869565,0.36,0.1956521739130435,1,0.5,1,0.03260869565217391,0.3,1,0,0.20000000298023224,1,0.7666666507720947,1,0.0,92,44
9,65,1,"[0.21866106986999512, 0.5323804020881653, 0.2489585131406784]",0.7717391304347826,0.35,0.2282608695652174,2,0.6000000000000001,2,1.858695652173913,0.9,1,0,0.20000000298023224,1,0.7666666507720947,1,-0.1,92,44
9,66,0,"[0.21867071092128754, 0.5320894718170166, 0.24923977255821228]",0.7717391304347826,0.34,0.2282608695652174,2,0.4,2,1.9130434782608696,0.4,1,0,0.20000000298023224,1,0.7666666507720947,1,-0.07,92,44
9,67,2,"[0.21876204013824463, 0.5322575569152832, 0.2489803582429886]",0.8043478260869565,0.33,0.1956521739130435,1,0.2,1,1.8478260869565217,0.3,0,0,0.20000000298023224,1,0.7666666507720947,1,-0.05,92,44
9,68,1,"[0.2189733386039734, 0.5325034260749817, 0.2485232651233673]",0.8043478260869565,0.32,0.1956521739130435,1,0.1,1,1.1521739130434783,0.5,0,0,0.20000000298023224,1,0.7666666507720947,1,0.08,92,44
9,69,1,"[0.2196429818868637, 0.5336819291114807, 0.24667507410049438]",1.0,0.31,0.0,0,0.0,0,0.5434782608695652,0.5,0,0,0.20000000298023224,1,0.7666666507720947,1,-0.1,92,44
9,70,0,"[0.2196524739265442, 0.5335188508033752, 0.24682866036891937]",1.0,0.3,0.0,0,0.0,0,0.42391304347826086,0.1,0,0,0.20000000298023224,1,0.7666666507720947,1,0.39,92,44
9,71,1,"[0.21922074258327484, 0.5330981016159058, 0.2476811707019806]",1.0,0.29,0.0,0,0.0,0,1.923913043478261,0.2,1,0,0.20000000298023224,1,0.7666666507720947,1,-0.1,92,44
9,72,2,"[0.21932797133922577, 0.5335304737091064, 0.2471415251493454]",1.0,0.28,0.0,0,0.0,0,1.6956521739130435,1.0,1,0,0.20000000298023224,1,0.7666666507720947,1,-0.05,92,44
9,73,1,"[0.21982897818088531, 0.5339384078979492, 0.24623265862464905]",1.0,0.27,0.0,0,0.0,0,0.25,0.9,1,0,0.20000000298023224,1,0.7666666507720947,1,-0.1,92,44
9,74,1,"[0.2196706384420395, 0.5334705114364624, 0.2468588501214981]",1.0,0.26,0.0,0,0.0,0,0.8043478260869565,0.4,1,0,0.20000000298023224,1,0.7666666507720947,1,-0.1,92,44
9,75,1,"[0.21953992545604706, 0.5336154103279114, 0.24684466421604156]",1.0,0.25,0.0,0,0.0,0,1.1304347826086956,1.0,1,0,0.20000000298023224,1,0.7666666507720947,1,-0.1,92,44
9,76,0,"[0.2196309119462967, 0.5334529876708984, 0.24691608548164368]",1.0,0.24,0.0,0,0.0,0,0.9130434782608695,0.5,1,0,0.20000000298023224,1,0.7666666507720947,1,0.0,92,44
9,77,1,"[0.21673384308815002, 0.5272953510284424, 0.25597083568573]",0.08695652173913043,0.23,0.9130434782608695,1,0.4,1,1.4673913043478262,0.6,1,0,0.20000000298023224,1,0.7666666507720947,1,-0.1,92,44
9,78,2,"[0.21658636629581451, 0.5268288254737854, 0.25658485293388367]",0.08695652173913043,0.22,0.9130434782608695,1,0.3,1,1.4565217391304348,0.3,1,0,0.20000000298023224,1,0.7666666507720947,1,-0.05,92,44
9,79,1,"[0.21658606827259064, 0.526722252368927, 0.2566916346549988]",0.08695652173913043,0.21,0.9130434782608695,1,0.2,1,1.326086956521739,0.2,1,0,0.20000000298023224,1,0.7666666507720947,1,-0.1,92,44
9,80,1,"[0.21669115126132965, 0.527116596698761, 0.2561922073364258]",0.08695652173913043,0.2,0.9130434782608695,1,0.1,1,0.9347826086956522,0.7,1,0,0.20000000298023224,1,0.7666666507720947,1,0.74,92,44
9,81,1,"[0.2195625603199005, 0.5332053303718567, 0.24723204970359802]",1.0,0.19,0.0,0,0.0,0,0.7391304347826086,0.4,1,0,0.20000000298023224,1,0.7666666507720947,1,-0.1,92,44
9,82,1,"[0.21987389028072357, 0.5337856411933899, 0.24634043872356415]",1.0,0.18,0.0,0,0.0,0,0.06521739130434782,0.6,1,0,0.20000000298023224,1,0.7666666507720947,1,-0.1,92,44
9,83,1,"[0.2198803871870041, 0.5337643027305603, 0.24635529518127441]",1.0,0.17,0.0,0,0.0,0,0.13043478260869565,0.6,1,0,0.20000000298023224,1,0.7666666507720947,1,-0.1,92,44
9,84,1,"[0.21950536966323853, 0.5333372950553894, 0.24715736508369446]",1.0,0.16,0.0,0,0.0,0,1.2934782608695652,0.7,1,0,0.20000000298023224,1,0.7666666507720947,1,-0.1,92,44
9,85,2,"[0.219626784324646, 0.5332818031311035, 0.2470914125442505]",1.0,0.15,0.0,0,0.0,0,0.967391304347826,0.4,1,0,0.20000000298023224,1,0.7666666507720947,1,-0.05,92,44
9,86,1,"[0.21970899403095245, 0.5336464643478394, 0.246644526720047]",1.0,0.14,0.0,0,0.0,0,0.782608695652174,1.0,1,0,0.20000000298023224,1,0.7666666507720947,1,-0.1,92,44
9,87,2,"[0.2195223718881607, 0.5334530472755432, 0.2470245510339737]",1.0,0.13,0.0,0,0.0,0,1.2391304347826086,1.0,1,0,0.20000000298023224,1,0.7666666507720947,1,-0.05,92,44
9,88,0,"[0.21955911815166473, 0.5330395698547363, 0.24740126729011536]",1.0,0.12,0.0,0,0.0,0,1.141304347826087,0.1,1,0,0.20000000298023224,1,0.7666666507720947,1,-0.1,92,44
9,89,1,"[0.2197932004928589, 0.5337361693382263, 0.24647055566310883]",1.0,0.11,0.0,0,0.0,0,0.30434782608695654,0.8,0,0,0.20000000298023224,1,0.7666666507720947,1,-0.1,92,44
9,90,2,"[0.21949602663516998, 0.5330571532249451, 0.24744677543640137]",1.0,0.1,0.0,0,0.0,0,0.9130434782608695,0.1,0,0,0.20000000298023224,1,0.7666666507720947,1,-0.05,92,44
9,91,1,"[0.2192276120185852, 0.5331171154975891, 0.2476552426815033]",1.0,0.09,0.0,0,0.0,0,1.7282608695652173,0.7,0,0,0.20000000298023224,1,0.7666666507720947,1,-0.1,92,44
9,92,1,"[0.21962453424930573, 0.5333565473556519, 0.24701890349388123]",1.0,0.08,0.0,0,0.0,0,0.5760869565217391,0.4,0,0,0.20000000298023224,1,0.7666666507720947,1,-0.1,92,44
9,93,1,"[0.21912524104118347, 0.533018171787262, 0.24785654246807098]",1.0,0.07,0.0,0,0.0,0,1.9565217391304348,0.7,0,0,0.20000000298023224,1,0.7666666507720947,1,-0.1,92,44
9,94,0,"[0.21967841684818268, 0.5335625410079956, 0.24675913155078888]",1.0,0.06,0.0,0,0.0,0,0.5760869565217391,0.8,0,0,0.20000000298023224,1,0.7666666507720947,1,0.0,92,44
9,95,1,"[0.21798360347747803, 0.5297741889953613, 0.25224217772483826]",0.42391304347826086,0.05,0.5760869565217391,1,0.7,1,1.608695652173913,0.8,1,0,0.20000000298023224,1,0.7666666507720947,1,-0.1,92,44
9,96,1,"[0.21768958866596222, 0.5291714668273926, 0.2531389594078064]",0.42391304347826086,0.04,0.5760869565217391,1,0.6,1,2.0434782608695654,0.5,1,0,0.20000000298023224,1,0.7666666507720947,1,-0.1,92,44
9,97,1,"[0.21829313039779663, 0.5298519730567932, 0.25185492634773254]",0.42391304347826086,0.03,0.5760869565217391,1,0.5,1,0.4891304347826087,0.3,1,0,0.20000000298023224,1,0.7666666507720947,1,-0.1,92,44
9,98,2,"[0.21838286519050598, 0.5303699970245361, 0.2512471377849579]",0.42391304347826086,0.02,0.5760869565217391,1,0.4,1,0.11956521739130435,1.0,1,0,0.20000000298023224,1,0.7666666507720947,1,-0.05,92,44
9,99,1,"[0.21795408427715302, 0.5293001532554626, 0.25274571776390076]",0.42391304347826086,0.01,0.5760869565217391,1,0.3,1,1.0869565217391304,0.4,1,0,0.20000000298023224,1,0.7666666507720947,1,-0.1,92,44
